1.2820908
0.8471277
-0.26003814
0.7670976
-0.29370767
3.1648078
0.9440493
-0.2587048
-2.7890418
-1.9358296
-2.9655228
-1.218242
-0.8076618
1.2797469
-0.16798387
-2.0475006
1.8017412
1.9708408
-1.7038214
0.26291925
-0.94553345
-0.019650808
3.000469
-1.2183824
-1.3509203
2.2285879
1.877079
-0.57277477
1.1639602
2.1675653
-1.7135859
0.16675785
-2.6772544
1.3753523
1.1977714
-3.0740077
-1.6907707
0.6816064
-2.4322948
1.9139156
2.3077788
0.013503251
-1.6069427
-1.8242859
-0.27564278
-3.1015446
2.206129
1.5035591
-1.4941825
2.4358835
-3.2128763
1.015003
2.2805347
-3.7813575
3.0412803
-0.13691857
0.13749507
2.0396333
1.4519109
1.2167022
-1.3241438
-0.9986263
1.3240489
1.3207717
-1.0918503
1.2108575
1.9395168
3.0165029
-1.0316174
0.33723202
0.5236762
1.5788289
0.3755078
-1.2873037
-0.9678788
0.4799184
2.3343968
1.3874512
-0.24462591
-1.3565263
0.5667152
-2.2873795
-0.9083961
-1.6622428
1.3024064
1.1193321
-0.111149035
-1.7429231
-0.059181638
1.1826761
0.089964435
-4.2177424
-2.203608
0.24720208
2.852585
1.8245897
-0.20799375
0.012127483
2.5317752
0.3815881
-0.3282354
1.1880102
-3.7651224
-0.86342126
-0.39819735
1.837584
-1.0489649
1.9875811
0.08752978
-1.1818697
-2.0948606
-0.26425886
-2.368157
-1.8581339
-0.9464473
2.681752
2.855093
-0.55584204
-0.19899161
-1.246612
-2.9677408
-1.1296672
0.43269327
-0.023465395
-0.2927574
-0.13728787
1.2741393
-2.035912
-1.2133591
0.8724062
-1.0438998
-2.2606423
-1.5850477
-1.793488
-1.8495345
-0.3546166
0.22405902
-1.0528085
4.9249234
0.48733526
-1.6969494
-1.8276119
1.5738367
-0.36998773
-0.59576917
-1.3137475
4.333808
0.30810115
-1.4199753
0.6198582
-0.12630582
0.56891716
0.92276555
0.74481934
-1.022013
-1.7400109
-0.023436872
-0.6369105
2.9059384
0.31578273
0.33970377
-1.7364942
-1.133058
-0.8016451
1.5999057
1.6818645
-0.17407493
-2.5573654
-0.036471423
-0.834582
1.9254116
0.59468436
-0.8733079
-0.6684541
-1.6183022
2.5283446
-2.1822274
-0.36125594
0.5827442
1.748945
0.6634526
-1.4770737
2.3581347
3.2431126
1.3294383
-0.5808386
-2.1175225
-1.3405533
-2.0571883
0.15120259
2.2125075
-1.5100044
1.2145445
0.89921856
-0.7789592
0.038370874
1.7225702
-0.8531693
0.56003296
1.7823944
-1.3861521
0.68523365
5.384659
0.5020838
-1.5223678
-0.6621056
-0.17827813
3.0341353
-3.1615498
2.0927956
1.4525814
0.80461574
-2.917696
-0.14666696
-2.095957
-0.11206176
1.7197486
-2.4953606
-0.9004036
1.658051
2.4597561
-0.20934787
0.07096916
1.2646567
1.8064167
-1.8767744
-3.2696338
-1.7987239
-2.8412611
0.022059346
2.0660408
1.0518606
2.1601663
-1.7381846
0.6321522
-0.18597731
1.3964002
0.5534188
-0.9053057
-0.5429498
0.6088269
1.6225736
-2.6217685
0.33092126
-0.87470657
-1.9723227
2.7272918
0.3068932
-0.39187747
0.8227785
1.4354862
-0.13255855
-0.638429
1.1426023
1.6608058
0.08576597
1.6433076
0.22205368
-2.0414271
-2.6363165
2.9265592
-3.8888924
-0.5515049
1.0183969
1.5474089
0.6690388
-3.2070634E-4
2.3723047
-2.22444
-1.9654104
1.3121074
3.0231776
0.98358583
-1.9010835
-1.4080225
-0.63612944
-1.5637304
-0.44507882
1.0626764
-0.3652821
2.36256
1.6480263
-1.4171026
0.101538256
-0.41436788
-2.719543
-0.64572173
1.1967803
1.001066
-1.5278673
2.4683554
2.101334
-1.82393
-0.98180825
1.552103
4.8309703
3.2931218
-0.1007571
-2.3891318
0.61838764
3.138936
3.045453
0.80451536
-0.11085193
-1.3254545
-0.026639037
0.80774254
-1.422585
-3.04156
-1.5723076
1.0193896
-0.8398374
-0.59557784
-2.05485
-0.56938297
0.56683993
-0.20792218
-0.29115972
0.0033532022
0.81209254
0.8311712
0.07231144
-1.3282732
0.2170172
1.2624592
-3.30027
-2.0271354
0.3888108
-2.3733847
-0.72070026
0.040251527
1.6372554
2.295974
0.08318586
-0.8741231
2.4807775
2.6449964
-3.7364557
-0.37322804
0.77527046
1.5667479
-1.0741864
0.03983886
-2.7533953
-0.1604753
2.0549588
1.3490831
0.030194826
0.08560993
0.3765418
0.35817954
-1.6005603
1.3972625
-0.5902538
1.2194368
1.3143547
-0.10538562
-0.1285133
0.19636819
-0.0695976
-1.5071878
-3.640764
-0.63181674
2.1960747
0.48048034
-1.7316551
-0.4346556
1.2970687
-0.88470346
1.6916789
2.4656389
-0.86783695
-1.6326715
1.5477101
-1.2331847
-1.2076478
1.317332
0.75402695
1.5796229
2.4071996
1.2417917
0.39147705
-2.8509798
-1.4691939
0.4714501
0.541282
0.44613358
4.7343807
2.6294045
-0.45271865
1.5263473
-0.10683361
-2.3127582
-0.1177818
-0.7719714
-0.42521384
-1.7780163
-3.1189365
0.09455638
-2.4960825
-0.8086078
0.9837975
1.2969172
1.3194612
3.1526093
2.4929605
0.03582701
-1.6906769
-5.3004847
0.31196713
1.6770277
1.4515284
3.545734
0.85740584
-3.5411446
-3.2832792
2.7495465
1.2181338
1.1047199
-1.5347929
-0.47083953
0.88742363
-0.464014
0.74419785
-3.6358576
-3.1987734
2.5060456
1.950471
-3.1466477
-1.6980994
0.8309256
2.1300862
-1.1837977
2.5275753
-0.8158095
0.04660416
3.216267
1.7709557
-2.8099751
-0.8436955
-1.5287743
1.5343949
0.7170849
2.333225
1.4781313
0.7274682
-2.1404324
-2.4548697
-2.1482759
-2.0786564
-0.9212265
0.5855774
-1.5944273
1.9645174
2.9498372
-2.2180102
0.81111556
2.5077708
-0.89351684
1.9260306
2.3134437
-0.5658578
0.04780552
-0.47100422
-1.7892174
-1.9909177
-0.29972416
-0.16136415
-1.3133732
-0.7399043
-0.22785296
-1.1039323
1.8670732
3.9499311
0.9463218
-2.3207304
1.9087422
-0.41308567
-2.145725
-0.9907932
0.67220366
-1.4473298
0.4605344
2.6524127
-0.32256252
-0.7194327
-0.526666
1.1141295
0.72469
1.4206903
-0.6651829
2.161143
0.5066918
0.54675823
-0.45637318
-5.4344635
-0.34796247
2.1457415
-2.1993928
-1.4253694
0.46552205
0.5354558
2.5083869
0.9933562
-3.6594
0.28429726
-0.8729987
-0.5916826
-0.078281485
-1.892816
0.34908804
1.6845632
0.72650844
-3.327248
-2.8637693
0.44503462
-2.7577775
-0.6648627
-1.8005524
1.6339027
1.5860907
-0.37933934
-2.1899025
-3.145697
-0.6755916
2.2952206
0.7445833
-0.19279039
-0.85672426
0.9978786
-1.0248101
-2.839162
-1.7139447
0.94315886
1.2357498
-2.2272108
-1.2036452
0.28663492
-4.235204
-3.1279266
-0.9913227
1.8613741
1.4777157
1.2605857
-0.46600273
2.4223287
0.19664872
0.40406615
-2.0643296
2.0367677
1.3618946
-0.8819282
-1.148077
-3.1127744
-0.5609226
1.9785446
-0.74645174
-0.5338115
-1.0213823
-3.221423
4.9696555
-1.1753079
-0.09225114
3.824229
2.1513126
-1.9663298
0.27755713
-0.08480761
2.0980752
-1.3062086
-5.120067
-2.6373677
1.7065176
-0.0030119093
1.225679
-1.9273669
3.331829
0.68308437
-1.6140295
-0.014780545
0.29611617
0.5657664
0.455815
1.4023248
2.0891595
-0.6076226
1.6906073
2.9828956
0.17190756
-1.872437
-0.103588305
3.2667575
-3.5690656
1.2338983
0.78925014
3.4825978
0.5224845
-0.68009645
4.084938
-1.6489512
-0.17332917
-2.527296
-0.9119641
2.6571321
1.3259203
1.3128222
0.5757415
-1.438312
-0.027581457
0.36470923
-0.13524756
0.24071386
-1.1455531
0.33676696
-0.7680121
-2.5194724
1.440023
-4.1572866
1.749141
1.3578643
-0.45040902
-0.31197613
0.98268795
0.2558731
0.12113032
1.9974995
0.16908863
-2.0562425
-1.6727241
-0.6747301
0.5159506
-0.18966264
-1.4525176
2.4608846
1.4728894
-0.006227336
-0.36951464
0.31308782
2.8438785
1.5529262
1.4224582
1.8133724
0.13156742
0.97417885
-2.3163157
-0.3010926
-0.9511023
-1.5277085
0.4140427
-0.63979256
1.2894282
2.940638
0.86466926
-3.6013114
1.6892866
2.4109879
-0.626241
0.7553814
-2.807061
2.3930216
2.789736
-0.72809225
1.2736894
-2.8387594
3.0424979
-1.0049808
2.7661033
3.0728955
-0.21808708
-0.42600045
-0.7532388
-3.1256666
0.68123776
-2.165207
-0.65341026
1.3606263
2.3120623
0.5939961
0.99554884
1.4430397
2.2762876
-1.7519063
-2.800248
0.2996966
3.3289304
1.0082476
1.3323137
-0.2630088
0.21392788
1.9189123
-1.85024
-0.2959751
1.0340552
1.4098552
1.0377755
-0.42974398
-3.0071483
2.5804353
1.11257
-1.9927326
0.27324325
0.9214728
0.5238753
-0.42879295
1.4116763
1.581923
0.62161034
2.1738706
0.15790208
1.0604391
1.6563765
-1.66967
1.380489
-3.022442
-1.4293194
-2.22629
1.3436605
-2.3778749
-0.6449672
0.6922727
0.6757428
-1.4303532
-0.8982108
1.5900841
1.695493
0.4042279
-1.2810903
-3.2894075
1.5766174
1.264659
-0.0037434003
-0.31253934
0.5961341
-0.10717948
0.3079426
3.140822
-0.06153004
-1.935291
-0.51155454
-1.1064541
1.3975308
-0.29986185
-1.4576908
-0.7654566
3.0044014
1.7334613
-0.86044496
-3.3849745
-0.19730659
0.64687765
-1.7373304
0.6274028
-1.6142366
1.0989764
-0.77134925
0.27591395
-2.5374527
-1.0101966
1.6572316
-2.3585343
-1.032149
-0.7036499
-1.8305271
-2.5200584
2.4103577
2.066368
-2.5945694
1.4194106
0.30701616
-0.65012777
-2.620151
-0.94999945
-0.16486508
2.3271484
2.5902872
1.1068383
-0.4534151
0.39953518
-0.3412899
2.00366
-0.056318123
-1.8122466
-0.66503966
-1.054755
-1.095357
-1.4103012
0.30662975
0.12511328
-1.287932
-2.8966956
-3.2993379
1.0510054
-0.6009527
-0.4991696
0.82995963
0.57919616
0.6660702
0.024927817
-0.762454
1.3769441
-1.716897
0.08350112
1.7601713
-0.6815331
0.23050475
-0.57253635
-1.799438
-1.1513683
-1.4633491
1.7601409
2.138014
-2.8700356
-1.9469421
-2.071422
0.9870271
0.44740373
-2.2560267
0.012268234
-2.1126423
-2.3759904
0.24389888
0.6004254
-0.09438873
-0.45468503
3.2851212
4.427848
-0.09791441
-0.23008586
0.49482912
1.5061975
-2.7965846
1.2463384
-1.3626963
2.5344636
2.969294
-3.734659
-1.2802397
0.90168166
1.5774114
-1.2858052
-3.8203654
2.8047674
0.97472155
-2.834431
-1.1245842
1.3007466
1.6904294
0.22987942
1.8137645
-1.0516975
0.90029514
0.46767554
-0.08403458
-0.95775825
1.3077167
1.8085777
-1.6253179
-1.2581155
0.5139214
-0.078782916
-1.19971
-0.022671433
-1.5987808
-0.2839527
0.6289011
0.95273924
2.7599564
0.4091448
0.8189872
-0.33538628
-0.90764266
0.26917988
-1.2345072
1.7524844
-2.6458232
-1.0952548
1.2803087
0.28154626
3.3606272
4.2561526
-0.18877628
0.24331819
-0.49631765
1.6675899
1.2959771
2.172021
-1.6253798
-2.1126146
3.8138332
2.4380107
-2.4917176
0.40189412
-0.32231992
-0.12053464
-1.7170889
2.1358018
-1.3849845
2.219994
1.3387202
-1.3193363
0.1820699
-0.19350326
-1.6166651
-0.19544883
0.14612505
1.6344072
0.15031928
0.69210535
-0.39374688
0.029185101
0.31619695
-5.2899685
0.32250813
1.2858121
0.37399337
-2.0070915
-0.27282992
0.5252758
1.063111
0.61481965
-0.4832319
0.82372826
2.3737168
-0.08411227
0.88096225
2.9969704
0.29324538
-1.617472
-0.6763711
-0.7894623
-0.6017124
-0.34294584
0.4459442
0.51614827
0.40476266
-0.7825181
-1.7591399
1.7283605
0.09155707
0.25411245
2.4516315
0.8151437
-2.2737992
-0.17401774
-0.664355
0.0501411
-0.109951444
-0.48944664
-1.574356
3.634201
-1.3531017
-1.5661447
0.97326195
-0.45433858
-3.2747307
1.4384955
0.7505186
-0.7068495
-1.985399
0.40713722
-0.49267462
0.4521232
0.17265177
-2.005549
1.4350694
-3.673824
-1.05682
2.775651
-2.1479204
-0.55397964
2.187552
1.3479548
-2.886169
-1.0233271
0.08085144
-1.789602
1.2784023
-0.53417397
2.2994351
1.614077
-2.4049127
-1.9249007
0.17503606
1.8455185
-3.296033
-1.8768952
-0.15175697
-2.892485
-1.3608593
1.1375718
2.121123
-1.0897626
-0.87812823
1.1029109
-0.12017727
-1.8982147
-0.8932367
0.26503706
1.8095578
-1.0147958
-1.1796092
-0.6264742
2.1701784
-0.11509222
-0.6455632
-0.7564177
-3.3929281
-0.9580254
0.15073764
1.7535629
0.29437768
-1.1465358
-2.0309017
3.1864207
-1.3235896
2.0991628
-1.3711566
0.13852847
-0.4978264
0.09031934
-2.3804026
-0.82965124
1.7570126
-0.9006448
-1.2029004
-2.8715436
1.9975653
-1.3756453
0.48668495
0.15743497
1.1585561
2.157603
0.048493356
2.1659365
-2.2531407
1.6805574
-0.8099777
6.2751927
0.3514908
-0.908592
-0.068219036
-0.23123994
0.6449824
0.3382561
1.5369668
0.48663
0.43884954
-0.57215977
-0.150684
3.6257014
3.308163
1.0010055
-3.4141867
-0.19681205
1.268157
2.3943326
-1.8215965
-0.73316944
-0.78725713
1.52871
0.8201024
0.20423168
0.6244718
5.242316
-0.20653525
-0.24929592
-1.2756382
2.58715
-1.2082856
-1.5907718
1.1542234
-1.0069736
1.1303092
1.6023778
2.3087354
-1.2728041
-0.0713402
-2.999577
-1.7509189
1.7526423
-2.311281
-4.677564
-1.259693
2.172152
-3.9357157
1.367902
0.2500073
1.072293
1.7654629
-2.6738362
-0.33782506
1.3093455
0.48774323
-1.0502075
0.44397023
-0.17652677
3.516118
0.6666237
-1.7969478
1.4612328
-3.072729
1.1527236
0.9179505
-1.4026753
2.1649785
-1.6144252
2.2830575
1.1979873
2.1981304
1.1848452
1.5121584
-1.5609449
-1.1021771
2.1656916
0.6050216
2.4157522
-0.8127444
-2.8547134
-2.800375
-1.157683
-0.4725056
2.0832474
3.286788
1.2295547
2.843077
3.5170436
-1.272572
-0.40317762
-0.4171489
0.39856818
0.8968681
1.4661494
1.4541544
2.6332958
0.73751277
-2.5820475
1.0616918
-3.3648524
-0.23349112
-1.7531278
-0.44848475
-0.92135286
-0.36945796
2.5086308
1.5662436
-0.27725464
3.0970213
1.2424755
-1.6418805
0.7934963
-0.09558555
0.9713271
-0.9335951
0.112288125
-0.5778805
0.9371722
0.7028991
-2.2333813
0.33048838
-2.2188787
-0.5163925
1.1657596
1.3247148
0.9082076
-4.7293763
-0.9405472
3.3754265
0.34580705
1.0313207
-1.5906074
0.10583368
-3.0329301
0.8873011
0.07271039
-0.04313144
-0.64674693
-0.63440895
2.5250444
0.40340889
0.076137416
0.91474766
1.0791478
0.13425009
-1.5316712
3.8457727
-0.8771002
-2.8102112
-2.5244987
-0.08908933
-1.4016253
-1.1103609
-1.0168996
1.3514985
0.9115601
3.6034303
-0.7052234
-0.5722652
1.3746766
-0.086732365
-1.3464792
1.3341545
-0.107532896
-1.2221073
-0.3499935
1.3004699
0.68124264
-1.3375163
0.30336538
2.1619854
-2.2724223
2.613011
-1.0871727
0.8231977
1.3319637
1.2746532
-0.67963403
2.1137223
-0.6473211
-0.53149647
0.20096432
-1.9992715
-2.4057941
-0.46334407
1.707694
-3.1806962
-0.33992192
-0.46343648
0.6972983
0.40071407
1.9459375
0.1499302
-0.7146947
-0.94965166
2.8052394
1.7310699
-0.53111976
1.3589981
0.7778175
1.4600645
0.03463695
0.7001861
-1.0224357
1.0309545
-0.6101276
1.4618996
2.9796085
0.02228228
1.3912437
2.5373917
-0.36277306
-0.14454077
3.7290373
0.78436595
-2.3596144
1.6578149
2.3173435
1.1556534
-0.35562083
-0.018388644
0.06291739
0.7605149
-0.61765754
0.027448732
0.7533925
-0.4922501
0.72608125
-1.171897
-0.74458295
-1.0563977
0.7303117
-0.42611873
-2.682678
2.3830318
-1.9392285
3.8375788
-1.8686035
-0.42536443
-0.8506612
-0.9687881
-1.4350206
3.458858
-1.0403597
-1.514708
1.8866388
-1.0581026
-1.111938
-0.10598186
1.2661722
-1.5611277
-0.74570704
0.24553758
1.8541735
1.1799867
-0.47547814
-2.4590323
-0.8640654
-4.099444
0.9931532
1.0039015
-1.892073
-3.5331178
1.5844338
3.0475955
0.9017844
2.8776145
-0.95261246
0.42441407
0.91130525
-0.54483175
-1.8954507
-1.9182744
2.1732342
-1.8336673
-0.8416647
-1.6947513
-0.3564366
-1.7431736
1.7208077
4.4327135
-3.3573704
-0.230061
-0.5607528
-0.63448644
1.4036359
2.587026
-1.4551795
-1.9012452
-0.9521037
-0.2627443
-0.7836033
0.3914995
2.3978686
-0.43568838
-1.0450948
-1.2729373
2.7329295
1.5607861
-0.6801661
2.4173362
-2.8802087
0.60818774
0.77750146
-1.791743
2.3065517
2.7485144
-0.97296846
0.22925636
0.048438143
0.3143135
2.231403
0.90973854
0.61584216
1.5465287
-1.4835004
1.6048254
1.6997083
1.2461208
-1.5134319
-2.5532246
-0.11461429
-0.52586275
-3.7849133
-0.5842941
1.5497738
-0.8785971
0.281197
1.469751
3.9351428
-1.2902021
1.4951843
-0.88399154
0.04231962
-1.0627198
-0.6590022
0.054010443
1.8525718
1.0093787
1.310889
0.80690295
-2.3631525
-1.1057519
1.1583102
4.700122
-0.5748429
2.3775394
0.35890472
0.81210876
0.6422581
1.8557762
-0.57905346
-0.63071007
0.8752889
-1.6497488
1.1974094
-0.65596163
0.1584154
0.25283435
1.4543549
1.010448
3.1215117
-1.2967402
-1.6772947
1.1668293
-5.1259966
1.230695
1.68359
-0.7748466
1.1898632
0.8233905
-1.4145606
-0.60988355
-1.2418844
0.873976
1.5277803
0.32272598
-0.4717654
-0.838599
-2.0925367
-1.0645227
-1.2270007
-0.1375146
0.26933947
-0.509312
0.588131
2.2238636
-4.8346777
0.63007516
2.9575152
-0.017631274
-0.68246955
-3.5880756
-3.7369788
-1.751967
3.4136164
0.8911765
1.2451308
1.5994711
0.013169346
1.2161597
-2.865696
0.5294945
0.628573
2.9090264
0.6176283
0.35253158
-1.2011431
-1.7372551
0.6707149
-4.1984096
-1.7363774
-1.653135
-1.0968763
1.5403636
-0.72702456
1.2502842
2.3776
-2.6191647
0.2533933
1.6982251
0.8802969
1.5091866
0.5527437
1.1383181
0.853274
-1.6839169
-0.0069722035
1.3189373
-4.324152
1.2461214
3.8313925
0.21207032
-0.18025951
-1.6153773
-3.0907104
-0.2892681
0.61866295
-1.1289243
1.6417987
-0.24890032
-0.63132197
-0.7849064
2.650858
0.49115455
-0.040257968
-0.17878766
5.4261727
2.5875385
-1.6780081
1.2995569
-1.2650712
-0.8720654
-2.4183748
-0.019565972
3.3749194
-1.9814426
-1.8568922
-0.919148
1.3019152
1.2389306
-0.48162913
-1.7821428
-0.20504148
1.884071
-2.2208276
0.9777481
0.03456826
-0.9824936
2.13741
1.4198134
0.12252311
-2.8902478
0.7963269
0.9995961
-0.49912754
-1.0488113
-2.065354
1.0339618
-0.43418568
-1.8456362
-0.030278524
1.1481053
-0.22818224
0.7324208
0.287029
1.0937026
-0.07160053
-1.6517056
-1.2871636
-2.3129115
-0.5786537
3.2179813
0.2791333
1.7854803
-1.8019936
-0.5199432
-0.5389418
0.054930024
-0.52179116
-0.16955885
-0.3399438
-1.7616926
-0.79166037
-1.3164304
-2.1196017
-0.65684795
-1.7378155
3.5715544
1.6187516
-2.1749277
-4.297604
1.1638147
-1.6609405
1.784699
-2.7326849
0.23567379
0.45866266
0.9785849
0.1698425
0.34087184
3.1342423
-0.26883954
0.75798196
-0.10610457
-1.391412
-0.60212
0.53241867
-2.7444592
-0.5949251
1.7613386
0.12852655
-3.2883267
0.5871229
2.3603635
1.1460203
-1.5626885
4.8838983
1.3435131
1.0458401
-0.34097618
0.66065735
0.6925479
-0.4803729
1.2867329
-3.3484507
2.0924013
0.34005588
-2.293491
-2.9380298
-2.569256
0.09427087
-0.82662535
-1.6396646
-0.38557
0.045784377
2.056359
-0.17739125
-2.1664543
-3.4987137
-1.3377374
-3.318144
2.355811
1.5053746
0.2728355
0.07416229
0.7062233
-1.0944071
1.9643316
-2.6696808
4.6960974
0.28235486
1.9950902
-0.28514168
0.7077041
-0.85656905
0.2363683
-1.1479619
4.8449974
-0.37905556
-0.5101286
-0.91583085
1.0501844
-1.2851955
-0.0046373084
-0.5835343
-0.9025337
0.16903703
-0.445053
-0.55925125
0.76111764
0.7760717
-0.92892
1.4833486
-0.38632795
-0.801745
1.1963784
-0.4940968
-1.1671741
2.1189942
-0.15580799
0.60624105
-3.317186
-0.37026018
0.15491058
1.4852892
-1.2397097
-1.2999094
-0.21451797
-1.5618242
-1.8184524
-0.82327986
0.8551265
0.4011088
-0.8867454
0.31459475
1.5739437
1.2299502
-0.94376844
0.6704582
0.013584301
1.473318
-1.8145329
-2.270818
4.378631
-0.10498091
-0.14444701
-3.4241862
-1.0772201
0.24039508
-0.84469235
-2.1683083
2.2681763
-0.37860644
1.7053716
-2.3609002
0.56653047
-0.8446208
0.82351136
-0.19436936
-0.4018323
-3.6206727
0.18299554
-2.7045383
0.29098454
-2.1056404
-1.522375
-2.7019346
2.2246926
-2.794445
1.9546016
-1.9685422
-0.122747175
1.9037176
0.9843128
0.5616117
1.1880869
-2.889407
-2.8473728
-2.1113124
2.8800166
-0.2968051
-1.5572035
-0.009699436
1.7850822
-0.49535626
-0.5224621
-0.5423632
-0.77671623
0.46528208
-1.2964579
0.889357
-0.09197221
-1.160859
1.2467859
0.3910536
2.1851327
2.4644918
0.6891289
-0.016853986
1.2619923
-0.2779345
1.6932598
0.63142437
-0.92106265
2.9042952
2.3886833
-1.9398867
2.9026077
-0.67683357
3.3488169
0.58801806
1.7499695
-0.6271228
-0.22073415
-2.5286438
-0.28703383
2.857344
-4.9657373
-4.16988
-0.051912773
-1.9919772
-0.9249322
1.6865405
1.3038028
-2.0090165
2.3738146
1.4667231
-0.3862604
-0.17923316
1.6518301
0.26486394
-0.102274895
-5.0231113
1.5381128
1.1802399
1.6688502
-0.0777116
-0.009374233
1.5678333
-0.80002576
-0.51052904
2.1880078
-1.604261
2.6340399
0.32894516
-1.6873846
1.2732831
0.9091892
0.16132301
-1.1024786
-0.29219934
1.2794406
-4.0723295
-1.3549749
3.8962185
1.2350229
-2.123965
3.994959
0.2809438
-1.1710314
0.81028515
-2.48935
-0.46508348
0.7710682
-0.48439357
1.8882347
-1.4272828
-2.3629575
0.78191316
2.0573692
1.687965
1.7216917
0.33313644
4.276567
0.3680792
-0.6969311
2.1911528
0.9619057
-2.3612127
-0.40464416
0.69906545
-0.2393303
1.3444457
-1.9438096
-1.2605374
-0.8505735
0.06573265
-2.0184896
-1.3427778
-2.9007447
1.1874316
1.1106292
-1.420604
-0.74880904
-0.9766969
0.36875606
0.38413358
-3.731
4.239378
0.3866358
-0.20895937
-0.49068174
-3.539356
-3.8240066
2.7716458
1.6052318
-1.6966438
0.8161376
0.02740684
-3.046377
0.28009176
-1.5379841
2.8449674
-3.2090907
-0.39273387
1.1535836
-1.7553242
0.8018231
-2.4535553
0.0063139293
0.03590822
-2.5412722
-3.8225062
-2.9987762
1.125232
-0.94229674
-1.3797294
-0.16200195
0.048852492
-0.7622388
-3.1976447
-3.5621696
-2.4541104
0.26531938
2.937591
-0.3027058
-1.6883515
-2.4711359
-4.027844
-1.1790998
3.2141623
0.86815995
2.796468
0.8579257
1.3890028
2.0438392
4.021596
-1.2371407
1.0726724
0.11386966
-0.99412477
-1.5356998
-0.56829965
1.878814
-1.2212807
1.2783718
-0.18121801
0.4056982
-1.2813209
1.9260684
-0.20642732
-0.6425747
2.9225042
-0.9701344
1.1768873
-0.23750171
1.5257746
-0.7800772
2.3517857
1.2452036
-0.04837684
-0.16589516
1.1156493
-2.7662091
2.8232238
-4.5107174
-1.371492
2.5915103
0.630098
-1.8201267
0.22280318
0.31974962
-1.6939749
1.0236295
0.14077689
-4.6998534
0.68849796
0.9569293
0.14424379
0.8335622
-1.890949
-1.1772404
-0.16285942
-1.7419069
-0.8082223
0.27954942
0.100334704
0.05011487
0.25751063
-1.9774448
-0.18945828
1.3494014
-0.5372817
-1.0597951
0.6027627
0.1468256
0.7578281
-1.869769
-0.047973864
-2.7786376
-0.721965
-3.714832
0.45985085
1.2778492
0.6412641
0.5471675
-1.3978726
-0.2832309
-1.4574693
-1.9318336
-1.1186898
-0.5870577
-2.3837428
2.4677005
0.70165986
-0.55289173
0.93491405
-2.0916986
-0.33768412
-1.9754452
6.061853
2.5683792
-3.0746162
1.0897673
-1.5024902
-2.2962317
-0.3189934
-0.7367627
2.3432045
0.344532
0.90975744
0.41513282
-0.7381712
-1.860964
-1.3998579
1.5067364
0.5587566
-1.8909664
0.65216863
0.8788771
0.8311022
0.09706304
-2.7936065
1.0501686
-1.195135
-0.29291844
-1.4219093
1.2840925
1.4972274
0.9660658
1.5016972
0.1846056
-2.35056
0.34088662
1.0510182
0.7756273
0.023717675
-0.36333075
-1.7443678
-2.5394397
0.68178815
-0.909941
-2.072394
2.8479474
1.1926124
-0.8195917
-2.4887338
-1.9302329
-0.48204124
0.91816777
-0.5298521
-0.7544302
2.452438
2.6371133
0.69450456
-1.6975614
0.035166785
-1.6726598
-0.7116999
2.0242717
0.6850268
-4.2337084
0.35566777
-4.924399
-2.3567772
3.5281882
1.4599433
-1.0735261
0.16624282
-2.2987096
0.17567441
0.64083844
0.11237161
1.5276978
-0.6969539
1.4760113
-1.3545672
1.8022594
1.1846794
-0.34962773
0.5862067
-1.5908461
1.3924928
-0.07532977
-3.3613927
-0.5578087
1.5728532
-1.6275826
-0.09957016
2.0341263
0.16968486
0.93023694
0.5614504
-1.3779567
0.89781094
-0.26140395
-2.308585
-2.2152464
-0.39897308
5.447772
0.83223957
-1.9877292
0.12661147
-1.48599
-2.383864
-0.4854507
2.5392334
-0.0025405977
0.3180644
2.0173292
2.010698
2.0280585
2.0030901
1.3893782
-2.5934741
0.68180865
-1.5545892
-0.17581886
4.090152
-2.2010517
-0.6886991
-1.0677326
1.823199
-2.5280242
-1.0445381
3.6980128
0.40196717
-1.005874
-2.7052567
-2.576646
1.0520408
1.7240342
3.3218932
2.004682
-2.9590333
-0.45984748
-2.2388403
-2.8269057
-0.9788699
1.3441352
-0.45527405
-1.6058421
-0.20725638
-2.0908272
1.6387968
1.5335574
0.6016379
-1.8378189
0.54793715
1.248419
2.384513
0.094694376
-2.71127
2.2224357
0.8617388
1.4025003
-1.0897646
1.3107437
-0.19315498
0.05043003
1.111635
0.9916245
3.8631468
-0.73893756
-1.2563807
-1.7567549
1.2975802
-1.4472595
-2.493376
1.0264755
0.3685068
-1.2461537
-2.3116615
-2.3449178
-0.09410121
-0.79818076
1.2421702
1.594486
2.6143878
-0.9862071
-1.2808118
-1.7794399
1.3194286
-1.0845833
-0.8362985
1.7275181
-2.8626177
0.34299183
1.9612331
3.1494427
-1.7783782
1.3278009
0.91093534
0.87442344
1.8733934
-1.8493419
-0.25079703
-1.4096467
-1.0442872
-2.1694982
4.349124
4.246335
-0.3529612
0.13553186
-3.4092743
2.5275867
1.0455259
-2.0463011
0.33164927
-0.8273639
0.27682963
2.507712
2.1303544
-1.8360227
-0.886595
-0.5342778
0.39449513
-1.2853647
-0.17813015
2.7154882
-0.6869253
-0.2844628
0.34161368
0.20636967
-1.6775758
-2.0425649
-0.23833893
-3.0114238
0.31405205
2.2551014
1.554041
-0.44368756
-1.3192211
-0.83080846
0.7111589
3.0736773
-0.35079464
-0.32185677
-1.772171
-1.7114359
-1.2754707
-3.9746604
-1.2077975
3.3207448
1.3388298
-2.4288783
-1.6104316
1.8388857
1.0631149
1.3587885
-2.054356
-0.86585313
1.4060804
0.3482325
-2.7742255
1.2168059
-0.5263124
1.9184656
0.82998013
-0.13091733
1.6945536
-0.74082524
1.037823
0.95357466
3.1899314
0.76737726
-2.0797296
2.1364875
-2.428727
2.0888
-0.6439342
-4.486811
1.7027019
-0.12941596
-3.4520953
0.46724597
1.7849369
1.5160344
-1.8543435
4.3358855
1.5597274
0.851048
0.953013
-2.5407648
-2.0742385
-0.5845489
-1.4467852
-2.3928237
0.07487381
-0.9182923
-1.0045754
-0.013942717
1.3957274
1.7723693
-0.11742839
-0.3622313
1.2076887
-1.5150228
-0.15260018
-2.033035
1.7435125
2.8214684
1.6303583
0.597969
0.6969505
-0.08278766
3.4914246
-1.1114615
-0.34997156
3.1364048
-1.1237783
1.3948568
0.5845327
-2.970753
-0.7181631
-0.76474
2.0737617
1.6645113
2.0785959
-0.37211612
-3.3945649
-1.8242288
0.33764207
-0.11775982
0.24478383
-1.0587287
-0.4074835
0.8433748
0.79372156
-0.25635058
2.2874975
0.76410156
-1.4202472
-0.43132713
-0.5395649
-0.17468664
3.2487228
-1.0289359
-4.3170943
2.0350626
-0.9698282
-0.896619
-2.4902084
2.6240923
0.5160476
-0.10827423
1.6725445
-2.0092742
0.15598418
2.0998363
0.725144
-0.59524035
3.8536441
2.0329955
-1.2539713
1.4984576
-1.4622202
1.5169281
-0.70458674
1.511814
2.4724505
0.118172385
-1.5559766
-2.1376405
0.46832266
1.7029233
1.9486948
0.5720243
4.620495
2.2523737
2.8871295
-4.443701
-0.3494195
4.3851132
0.69747317
-0.64371854
2.498254
0.7208346
-2.9968653
0.04657522
2.6375015
2.9578156
0.36500406
2.7146955
0.312384
-3.2973578
-0.7499798
1.0780634
-1.6153436
2.6662943
-1.3732615
0.6150758
0.73535866
-1.072012
3.358213
-0.6900858
0.15800047
-2.0858176
-1.3887992
2.0609598
2.6641035
-1.7669175
2.5317764
0.90292674
-0.0058616423
-1.8844107
-0.68139684
-0.5221415
-1.4583818
-3.1259613
1.1260617
1.9208477
0.18727297
0.855871
3.0258732
-1.5346333
0.10972374
0.3612965
1.5128123
3.198511
-2.227563
-0.39456573
0.62167585
0.54168916
-0.5119664
0.15518028
-1.3319423
2.264572
1.3712083
1.0303032
-2.0108185
-2.927435
-0.16910386
-1.6029458
-1.4576697
-0.5797495
1.13886
2.154702
-1.1994417
-1.010437
-0.15809256
1.1806337
1.0833986
-2.8458912
-1.3077039
1.9116341
-0.6395532
0.5020559
1.6923696
-0.8372047
-0.6269662
0.563506
2.3749633
5.3965454
-1.4821422
-0.7453487
-1.8516254
-1.1549382
1.9806914
-0.356256
-1.2859689
0.33766556
-1.2255237
2.0322747
1.5550685
3.9725916
1.6964734
1.0995069
2.970676
-0.20072892
0.9889856
0.31083676
1.8200225
-2.9512103
-0.46627107
1.5555767
-0.6083099
-0.1013609
1.7284808
-1.6632371
-3.0092807
-3.0064065
2.9467187
-0.27546743
-1.6774418
-1.0831906
1.1057785
1.4598175
-0.30376974
0.8726956
0.52347976
0.38744777
-0.67472476
0.83916456
-3.0360134
-0.20854686
-0.28944877
0.20743579
-1.2208486
0.45225582
3.7978332
-1.3479697
-4.9307494
-0.92967916
0.836745
-0.6473027
-0.9583267
-0.33900428
-1.2071587
3.2458284
-0.51606274
0.122934945
-1.5501761
-1.0269142
0.965639
-2.242398
-1.1674623
0.18424289
-3.1664376
2.5790682
0.7855378
0.5766157
2.3604097
2.0939908
-2.504666
0.34376675
-3.4058814
1.0928919
-1.4165165
0.6924661
-0.37199873
1.0176475
2.505827
-0.78137475
0.3903692
-0.8026995
0.888479
-0.50883377
1.9742032
-2.3018277
-2.0745687
-0.8873193
2.1379533
-0.12397352
1.6642107
-0.8721341
-0.51642597
-2.095412
-0.75357324
-2.5221312
1.4771428
1.311824
-3.252485
-0.40066913
2.2996345
1.0664417
-0.38776508
1.7555579
-2.3463874
0.3439161
0.8769766
-1.274238
0.42286858
1.9489907
0.81795496
-1.2602971
-2.1279602
0.8892061
2.9096937
-1.4129733
-1.9010695
-2.0974724
0.62999976
0.5980917
2.199318
4.1143775
-2.1739905
0.44852042
0.7232312
-1.9382837
-0.15168305
-1.3331883
-1.5719699
0.99484175
2.0024366
0.9827014
-2.7689738
2.4784644
1.196936
-0.25818512
-2.57133
2.2858665
0.74277335
-0.16493395
-1.2224159
-3.9887667
-5.3746333
1.5003915
2.1191072
-2.3289502
-0.44451186
1.6937637
3.3903036
0.21567328
-1.4894532
3.1580048
0.6380698
-2.7637177
0.3669976
-0.019175133
1.9080045
-0.14199062
2.3734603
0.15728734
0.372463
-2.3707623
0.50702214
0.6611131
-1.567825
-1.4961586
-1.5862412
0.28273448
0.26722178
-0.036789596
4.197182
0.10732862
1.4080436
0.28530008
3.5747662
-0.76684624
-1.611307
-1.9658183
2.8118942
-0.92237246
2.2822793
0.07020507
2.3942988
-0.7051254
-4.5390825
-0.9896468
1.3971558
-1.2181114
-2.8930118
3.1937253
0.90122145
0.11871095
-1.8198444
-0.08778505
1.2267925
-2.7457137
-3.2495937
-2.6595325
-1.1812886
1.7058359
1.6015733
2.1772428
0.06168748
1.3305937
3.7241704
0.40907258
2.5622056
2.0315921
-2.525218
0.16853625
0.41288045
-3.051175
1.1953446
-2.4263415
0.16880253
-1.0120597
-1.8177441
-1.6150706
-0.19505519
1.2910755
-0.062539384
-0.0069931503
-1.0735538
-1.0476862
1.5649898
-0.692125
-0.0771678
-0.15456131
-2.2044227
1.4142798
-0.13755621
1.0088408
-0.69916105
-1.0787997
2.659213
-1.8813303
-1.2986709
-1.6649321
-1.569258
1.6837504
2.4136803
2.8016057
-0.018029407
-3.5578983
2.964451
1.5395588
-1.1252725
0.6976741
3.780113
-1.8503352
-2.0410297
-1.0134017
-1.2901139
0.8585596
0.7734644
2.2539563
1.6856066
0.6476306
2.2686112
2.751857
-1.226077
-0.73878986
1.2066954
0.36402184
-0.71286976
-2.2229128
-0.4674436
0.614565
-2.0543666
0.6036507
1.1260301
2.4026036
1.4171237
0.6450642
2.7658362
-1.7525434
-0.5508512
0.14591375
3.6902716
1.2904682
-1.783446
0.41709504
0.16488574
-0.42161673
1.2297345
-0.18291858
-2.0724497
-0.17304198
2.8461185
1.4149512
0.12775685
-0.5414064
-1.9748999
1.1712887
0.6891083
2.3451583
-0.14278792
-1.6454837
2.0101316
0.40006107
3.2056754
-1.3793646
-0.5706209
0.8642608
-1.668826
-0.3299564
1.5285394
-1.3863968
-0.30196744
1.1294472
-1.0114876
-1.8176079
0.022883194
-0.19764064
3.114385
-0.38213754
-0.75424737
-1.0874281
-1.9360353
-0.6306723
1.2744555
-0.018856516
-2.088151
-0.87012964
-1.1208597
0.37211493
-1.3426932
-0.21840018
1.6383381
-1.939001
-1.9839187
0.2256374
0.892257
-1.7519065
0.35057095
-1.2556677
0.7092837
1.7079699
0.08728135
0.9921728
0.75371504
-2.6312914
-2.3921154
0.40999794
0.19820675
3.8439832
1.1168088
-1.5431759
-0.93511313
2.1708095
-1.0100313
-0.28983694
1.5682312
1.0618151
0.49327484
-0.05778157
-0.6706809
-0.31170517
-0.15431613
0.5985072
-0.32003617
-2.0267131
-0.047185153
-2.3017416
1.6840951
-1.4151387
0.9611363
3.507551
-0.15535937
-0.5892739
0.790298
1.3458358
0.71341056
-1.5521393
-3.1329217
2.2829127
2.5370953
-0.5978033
-0.67289597
-3.6531136
-0.76318693
2.8528216
0.3974996
-2.3501549
-2.5491545
2.63316
2.8581936
2.2984524
0.93772936
1.4153726
1.2832863
0.8052781
0.009183815
0.1767911
0.83482224
-0.56562614
5.0666194
-0.034158498
-0.5529815
-1.2893356
-1.7950065
-0.23829213
-2.5638494
1.0032964
0.39737737
-1.6962326
-2.440241
3.2577872
-0.3292047
0.1479108
0.96055514
-2.910817
1.3608862
0.28400555
0.7476712
-2.4432251
-2.072786
-1.7176335
0.8553835
1.4251574
1.9605021
4.382543
-0.96947163
-2.601025
1.7619488
1.1041754
0.5386353
-3.4645789
0.35229787
0.48426417
-1.0447735
-6.2623096E-4
-3.1320634
-1.2229944
0.031733494
1.19943
1.163963
0.8491353
-3.246213
1.8324507
0.953488
0.68043005
-0.9961694
-0.82817847
3.0853271
1.5353944
-1.1376907
-1.5394409
0.89143914
-1.9666967
-1.4918209
0.6195565
-2.2906995
-3.5118818
-0.99403816
-0.4359595
0.6284986
0.34055054
0.5585871
-1.9982624
-0.8198424
1.8083314
2.0481238
1.165785
-1.7025543
-1.6124086
-1.4877923
0.76848406
0.030631214
1.3635186
0.16796035
2.117997
-3.3116238
-3.7662327
1.124583
-1.6208197
4.006772
-1.3057555
-0.021713095
-2.7364743
-0.13588624
-2.109
-0.93961257
1.0728489
2.2342334
-1.0096818
-1.7703496
2.3016043
-0.26222736
0.38350838
1.6247673
-0.15979765
3.1936345
-0.5726308
0.89331865
-1.4310645
-1.1730585
0.38285717
-1.1742084
-2.1401355
-0.93347573
1.2498484
2.2955995
0.014947819
-2.8293142
-0.0818255
1.1833769
-0.95109236
2.1918485
0.773606
-1.3573464
-1.3874878
0.44938725
-0.53948617
-0.38170034
0.18602574
-0.4559097
-1.81624
-0.063089766
-2.8143723
1.0139309
2.3793263
-1.9683863
-2.2605758
0.036179736
0.055340305
-2.217939
1.0705595
-2.1772082
0.8604881
2.174735
-0.15217783
1.4527653
-0.50236446
-0.1404076
0.8071691
-0.21566193
-1.0752759
1.8699154
-0.3761982
-1.0484821
1.908486
0.04434669
1.2753282
4.2697806
0.8677685
-2.8649526
-1.1845489
-1.3546298
-1.0229058
-1.1267898
1.245503
-0.47822753
-0.43518704
-0.90406805
-0.22315913
0.85151297
-0.37723336
0.6689767
-1.2757425
1.8140403
0.24177165
-1.4810176
-1.9300554
0.16381611
-3.1404831
-1.3953841
0.6421245
-0.93214
1.3969717
0.566546
-0.90376663
-1.499629
1.5274997
0.1301427
-2.5344577
-0.36630476
0.07299435
-0.6522413
-1.5019451
1.1437998
-0.064740285
0.21243459
0.7133335
-0.178844
0.1481808
-0.26546338
-0.793734
1.3654408
0.76228374
-1.3454714
-1.4874974
-2.6414542
1.413417
5.742795
1.6652696
2.645178
-0.74377877
0.76648176
0.34611017
0.15143706
0.5469021
1.6173366
1.2103449
-0.7641364
1.580752
2.7941294
-2.0706964
1.6550572
1.0906951
-0.60499173
0.3160984
0.3291085
0.4901881
-2.8568385
-4.209556
0.13244027
1.6893356
-3.129971
-0.34781045
-0.83745927
4.2872825
-0.14569281
-0.8183626
0.28877607
-0.6260566
1.3812295
1.7609075
1.1483349
-1.8132422
0.90241134
1.4833896
-0.9357675
0.13425238
-1.9294229
5.117255
0.8354201
-2.1833508
-0.008001887
2.8412275
-0.50462896
-1.8308178
-1.2925811
-1.5262212
4.2907653
1.302482
1.2256012
-0.28712976
-3.0703936
-3.541037
1.1889985
0.938266
0.13950762
-1.3313344
1.9130673
3.0395408
-1.8279129
-3.665095
-1.772863
-3.550825
-5.5591745
-0.72870696
2.6382277
1.8902179
0.8425555
0.19964351
-2.3340638
-0.47748548
2.684318
3.5233045
-2.1602926
-3.8540144
-1.9829
-1.0403887
1.7845485
0.88496953
0.07240617
-0.7878066
-0.42478296
-2.2869053
0.72082645
-2.1156156
-1.0280403
-0.12947859
-1.1554438
2.0003946
-1.2132912
1.9319003
3.273392
-2.3916624
-1.9757051
-1.4344566
-1.4152917
1.7849351
-0.079355635
-0.8435564
-1.7649081
0.94067013
-5.369755
-0.60940874
0.5955837
1.1669025
-0.3659974
-4.204248
1.9511176
1.4914892
-0.2820795
1.7204522
0.43890733
-2.446061
-0.59758437
-2.9915242
-0.75838745
-0.34361178
1.638412
-1.3205926
-0.73171955
-0.83185905
-1.3421044
1.8589972
-2.8277376
-1.9145684
1.002474
-0.6573992
-1.322989
2.475645
2.3340857
-0.46154994
-1.6973634
1.0933065
-0.73610437
-2.5509536
3.1307638
1.0465163
-0.4486912
-1.0166692
-1.1362671
-1.0905992
-0.062794775
1.0370063
-1.2398088
-0.1378588
0.24131693
0.9299123
1.7494913
-1.3275371
1.9522696
-1.0812078
0.3043143
2.5465808
-4.862423
-2.4504473
1.2668355
0.70514053
1.9163355
3.035878
-0.69421655
0.52160025
-2.2577057
-1.0784568
1.3570405
1.5216992
1.0811118
0.067343235
-2.1480622
0.46625215
1.5124173
-1.019173
-0.4149507
-1.0785533
-0.35836726
1.8031721
-1.713931
-0.85661155
1.6996611
1.9223354
0.15453851
0.088224165
-1.1573201
-0.31517068
0.7085407
-0.09221351
-0.19340873
2.8621519
1.59622
2.247495
1.473478
2.0838313
-0.5528912
-2.8171556
-0.26893598
-0.5619616
-0.17394464
2.3134491
1.5365782
-2.0993142
-1.386485
-1.212034
-0.32309565
2.03924
0.55799645
-1.6746025
-3.0612023
3.2514915
2.6307988
-0.076669514
-1.1530955
0.3185689
1.5481616
-2.3966541
1.6241299
0.33876765
-1.9658065
0.3703604
-2.127505
-0.0018791337
-0.22374186
-3.083384
-0.03432791
1.0012048
0.7832044
1.9517386
-1.3274298
-0.5998381
3.08908
-1.3479382
-0.22395301
0.21757632
0.54436105
0.01347902
-0.99326104
-0.59875494
-1.0634929
-1.1183969
-1.2211848
0.5835289
-1.752468
0.53710634
3.7549744
2.801875
-1.4880359
-1.6313872
-0.12228017
1.6775479
1.1186506
1.9098347
0.77729684
0.17392178
0.5328137
0.98402
-1.6256162
1.3888055
-1.8099602
0.5345736
-0.34727162
-0.017091548
2.0484228
0.59260297
-0.13220067
-2.0516787
-1.2339821
0.24250826
-2.8546245
1.1963966
0.08526346
-0.21888067
-2.1149366
-2.2994761
0.8817183
1.1519862
-2.5891957
0.92097
2.0145862
0.852398
0.20989184
1.8887587
0.51358646
1.102077
-1.0745977
-1.0602293
3.4222054
3.0861344
-1.0252968
-0.6888255
0.062298656
-1.9102575
-1.7891674
-1.9911867
-0.7265056
-2.3303478
-1.4925938
-0.8658411
-1.250044
0.18030208
-2.3689017
1.2080473
-0.80550635
0.041597433
1.0062473
3.031239
1.8818985
0.27668032
-1.3079058
-2.2253072
-0.44965628
-0.7800678
-1.2053053
-2.4969032
-3.5457206
-0.2309711
1.8328472
-3.6030657
-1.0397924
2.6510575
-1.0861739
0.52105045
-1.3822241
-0.68432146
-0.9666233
-0.112314105
-1.6817031
0.8145537
-0.3815691
-2.1750216
-0.8268796
-0.16140838
-3.832756
-0.45299363
1.8952266
0.7296243
1.3333223
-0.6081783
-0.11435735
1.0619658
1.337726
0.16379598
2.4212427
3.050664
-0.23461257
-0.44080272
-1.8092891
0.024851026
0.9926457
2.1837673
-2.575539
0.15568686
-0.7001861
-0.8032782
2.811709
-2.1619315
-0.33207265
4.4637713
2.347599
-1.8538789
0.115537964
0.3070506
0.35295856
1.6480275
0.8832018
-1.7233341
2.2504723
1.4951719
-0.47642633
0.45921564
-1.4046072
-2.8857527
-0.059974514
-1.9335163
-0.5123789
-2.2825992
0.92502844
-1.9762373
3.540061
-3.0934207
-1.6893082
-0.9638327
-2.0422683
0.21825293
-0.5896501
1.3239744
-1.2467496
-0.41410887
-0.15297261
0.8233002
-2.6312141
0.12525389
0.14538927
0.36038682
1.3921307
4.965956
1.9646245
2.7413325
2.5802145
-0.6766792
0.9487703
-1.60467
-0.9958959
2.4173033
0.019699346
-2.0021143
-0.65748346
1.0166329
-1.9475145
-2.5505967
-0.41753435
4.1312695
0.527987
0.4076122
-0.036012996
-1.1820979
1.5210714
-0.7189581
0.6862222
0.06235955
0.010007833
1.8934531
0.13508385
-1.4651707
-1.2633889
0.78664476
-0.6920993
-1.0616413
-0.58076024
-3.1803982
3.1724946
-2.5736318
-2.0435114
0.8025172
-0.9682878
1.5659667
2.64146
2.062583
-0.36400464
0.18819188
1.8799888
-0.60333985
-2.5625825
1.8300772
3.071137
-0.1299246
-2.4159982
2.2165995
1.0956091
0.37193754
-2.6508307
-0.25008306
-1.1315914
-0.8155912
-0.7339538
0.14443786
0.2783511
1.5285652
1.495495
0.62990475
0.9596205
1.7746068
0.96479344
-1.4783105
0.35440093
0.21144329
1.1345606
1.4855868
0.954397
-0.05215237
-3.115944
0.09511395
0.26006645
-1.4221569
0.8260176
-0.36196902
-1.5240107
-1.6094363
4.7805653
0.53536755
-0.9965059
2.5863564
-2.3117864
0.47862232
-3.5197504
0.31281525
-0.019595305
1.6435176
-1.5664806
2.352393
0.99273777
-0.39221534
-2.8231063
-0.9570673
1.2331622
-1.5239897
2.0845373
3.3379035
-0.4756074
-2.9257743
-0.5748393
-0.41087547
1.2920637
0.80755246
1.9983846
-1.9512973
-2.962167
2.5431476
3.6579368
-0.7351455
-3.9956563
0.4795655
2.6172495
2.0406795
0.99806476
-0.9554241
-0.024613788
-3.0247076
-1.9872723
1.4619302
0.11883885
-0.005812705
3.5569313
-3.6613147
-2.9588253
-0.7498149
-1.7225997
-0.6322033
-0.7935535
-1.1495326
-1.110233
-0.03671638
2.536342
-1.8979377
-4.073423
-1.4546916
0.3727406
0.047855992
-1.108864
-2.3658242
-0.27833682
-1.0402173
-0.7065572
-5.5739975
-1.4494818
4.1290293
-1.9942753
-1.2667086
-3.8788075
1.2831783
1.6039407
2.177441
-1.6234958
2.6927586
0.5248999
1.8258033
-2.0391216
2.6925316
-1.9271871
-2.0260503
0.5522731
0.5442459
-2.8523293
3.0338643
2.2316518
1.8675528
0.9467066
1.3490332
-0.77761805
1.5262487
3.5086222
-0.8481275
-1.4301327
0.5283333
1.8727329
-1.252197
-2.2713215
2.2480588
-2.5872748
-1.0807976
-0.9419368
-2.102253
-0.18051429
1.301152
2.4968975
-3.3593183
-0.11998014
0.3962437
1.4995672
0.66731673
0.2645092
-1.7680938
-1.2789193
1.2189924
-0.61059463
-3.186799
0.087923385
-0.45154652
-0.82282996
2.5731888
-2.5256114
0.031674087
1.9417809
-0.7799529
0.27207157
2.360714
-1.9808897
0.28957835
0.70266604
-0.8203888
-3.1083188
0.48944685
2.9500997
4.5570717
-0.82634664
-1.901418
1.965519
-2.140255
-2.7306352
4.0873127
-0.2594013
-0.36771986
-1.4597989
0.3013104
-0.46197355
-0.16344494
-0.81034505
-1.4643056
1.0038438
0.5343128
-2.1888797
-2.67048
-0.9593321
-2.8971944
-2.3352156
0.26861808
-0.20981373
0.26761356
-0.016840743
-0.9274512
0.97775733
2.1604955
2.384935
3.15376
1.1750696
-1.1224759
1.0973426
-1.5385382
1.0732292
-4.0276713
-1.1183738
0.3813176
0.16650368
-0.85216933
0.7883489
0.81311816
-0.58271736
1.5370694
3.213344
-1.307959
-0.13543369
2.0310972
0.59670115
2.812854
-1.0612675
-1.3342146
1.0929977
-1.5099522
0.12904932
1.3723083
0.39864743
-1.5810469
-1.0160059
-0.98137736
-1.9834816
4.0793333
-2.2322948
0.369277
0.27900985
-1.5478565
1.2541875
-0.6321453
-3.5607455
-0.0066665844
0.80610114
1.8322625
-0.48052916
0.77561456
0.7211135
0.371368
0.842699
-2.2693717
-1.0200287
0.50265896
-1.5603898
0.44178188
-0.6522361
-0.014878179
0.9102638
1.7108668
3.422308
0.6113826
0.24922031
-1.8719198
-1.7516545
1.9795812
2.8332968
1.8419534
0.94179845
3.3347628
-0.7230542
-1.0739031
1.6093013
0.051037256
-1.0422319
-1.0073746
1.0308719
2.8722348
0.32845482
-0.43656462
0.5250823
2.202095
0.8998166
-2.3382444
0.3686463
-1.2433103
-4.2256417
2.2673812
-1.5263599
0.9606984
1.6305448
-0.8253997
1.4520156
3.5800915
1.0923369
-1.9119122
0.56709915
0.3384696
0.18777786
0.3570277
-2.32687
-0.33494687
0.94892764
-2.2873726
-0.93527347
0.062886745
0.5315973
-1.865526
0.09261095
1.9650447
0.7019999
-0.33803827
0.11171096
0.32468647
0.37592444
-1.6782612
1.5976595
0.37188706
0.4759187
0.3149903
1.1396255
-0.70460296
1.9617392
-0.8353429
0.8278794
-3.3111608
-1.8007847
-0.18522982
-0.92338234
-1.5880035
-0.5799912
-4.4784613
-1.865993
0.793104
0.5058726
-0.5102297
-1.260574
0.8648717
-1.8102521
-0.31961864
0.050430465
0.9072023
2.4317706
0.38936406
0.95837533
-1.4178236
-1.4535284
-1.5800811
0.92559004
0.6237624
0.26378438
-0.81242526
-2.3547096
0.20827368
3.7596316
-0.99557906
-0.07247536
1.8263738
1.0575373
0.30008397
1.8480434
0.94719774
-3.7847846
0.12503459
0.80708766
0.32313123
1.1928886
-0.47304028
-2.0239804
-0.76546067
2.5830436
-0.13135467
-2.1008654
-2.546168
0.61344177
1.9559495
1.6247189
-1.8077879
-0.089792304
0.78940094
4.254937
-0.43451974
0.2954464
0.089196436
0.8655001
-1.7694634
1.0186261
-0.4188973
-0.87857854
-1.4205729
-0.8985165
0.11124646
0.5385716
2.1713269
2.1836433
-3.013278
-2.1816556
0.97451836
2.6342406
3.1202478
-0.94081527
3.7531798
-2.3341646
-1.805303
-0.43479514
1.2886754
2.87598
-2.0525255
-2.9549153
-1.915087
0.5802204
1.6648176
-0.2882313
1.6417154
4.251859
-2.3123941
-0.21922752
1.1565502
-0.270224
0.97705406
-0.077757284
-2.9326339
-3.187621
-4.0989094
0.6950283
-1.3053544
-0.74096286
-1.525685
1.0478843
0.8049921
0.96043193
0.6703337
2.4591832
2.6494036
2.7015646
-1.5344737
-1.831341
-0.11665101
-1.312773
0.6471889
-0.6415261
-2.0474563
1.3717461
1.6034601
-0.9264554
1.1633605
2.0180545
-0.40466252
-3.0507169
-2.1527517
0.051253784
-2.010033
1.7998244
2.0836535
-0.101808526
1.3031418
1.1767594
0.36891314
-0.8291823
-0.4219277
0.88456994
1.2755882
-0.07027823
1.0335183
-1.6379033
2.410075
0.576996
0.59729594
-3.2084117
-4.0023375
0.22012275
-0.5530462
-2.481205
-0.21239614
-0.6571133
1.9824183
0.1301061
-0.64720726
0.60388345
-2.0643053
-0.54998225
-1.2375375
-1.392776
1.0577656
1.2461852
0.15264499
-1.12519
-0.7514006
1.8796631
0.6314753
1.2218148
4.062224
2.067735
0.33212087
1.3906131
-0.96093047
-0.13413425
0.31779608
-0.70727426
-0.33399913
-1.3014944
-3.1513145
-1.2562952
4.1989436
2.3279533
1.3625814
2.2595062
-0.6554223
-3.528951
-0.6895378
-1.2045333
4.664626
0.14057735
-0.47857985
-1.2516418
0.90770227
2.2173443
-0.047754005
-1.858975
0.70996034
0.9575879
-0.72791255
-2.2081985
1.4353586
0.040366203
-1.294463
-0.75203866
-0.47251925
0.88405913
0.68653536
2.9293137
-0.79744154
0.787156
-2.2830594
3.052476
0.7490543
1.4658656
3.8672314
-1.4244671
1.1975172
0.006100949
-2.0057423
-0.7965006
-1.1161667
1.9423444
0.38363248
-0.13055536
0.9549064
-1.4387654
-1.117736
-0.51580936
1.5027063
0.7479252
-1.7840711
-1.7977896
-0.43439823
-1.1167418
-2.776369
1.2131273
-0.84299
-1.1857142
-0.82483935
0.16925645
3.5967782
2.8915863
-0.53036743
1.5095186
1.2330447
-2.740823
-1.1825433
-2.309441
0.5461897
-0.28045446
2.5592885
-0.4613794
2.6823237
1.8950368
-2.439801
-2.7592218
-0.7265895
-1.7385116
-0.41592756
0.31621385
3.0481553
-2.4858434
-1.9462948
-0.25740466
3.1280046
1.1514014
-1.3926444
1.0646203
0.18737085
1.1746509
-0.37897995
0.4900189
0.98757344
2.5390189
-0.2922771
0.5429375
-0.9068032
-0.22486056
3.221277
-4.8175707
0.67801607
1.2450712
0.97664416
1.6453332
-0.88256764
1.3784925
0.10185505
-1.2635229
3.4805977
2.1351702
1.4915636
-0.8138831
-0.08290081
0.37815973
0.6971845
-2.5201178
1.43164
2.1474283
-2.2127001
3.168173
-2.541308
-1.7242914
-0.8010917
0.93326074
-0.28969195
-2.6107538
-1.2346498
1.8829508
0.02554894
-1.9214407
1.3882824
0.59369737
1.7600749
-0.9691553
-2.459255
-1.4435408
-0.98909324
2.3592534
1.3582493
0.93337584
-0.99978995
-0.93078417
0.8049151
-0.81531644
1.7282724
-1.2285583
-0.004067156
0.9850072
2.7736487
0.016281929
-2.0132093
-1.9109684
-2.8331869
-0.44869936
-0.16382423
-0.102704726
3.6900656
