-1.5556432
0.020541051
-0.39312625
2.1043167
-1.3846722
3.5673773
-0.2627474
0.61864537
-1.4834068
0.5403425
-2.5094934
-0.79440254
-2.1850023
0.19048318
-0.95088696
-0.96650344
0.94022864
1.1747178
-2.0913439
0.5791987
-1.2653214
0.5040343
1.9420675
-1.2276239
-1.4550107
1.5096937
3.1060524
0.75610656
1.047942
1.4013909
-0.20828538
0.18265124
-1.486145
0.17996019
2.5672266
-2.5552764
0.54895574
0.541405
-1.6406904
3.4908228
0.80456144
0.29111227
-1.6727754
-0.96836585
-0.92682457
-3.1961198
2.2470546
0.62351763
-2.4330907
2.5560691
-2.3682601
1.0908748
3.1076152
-1.8160977
1.707282
-0.10266597
0.42189518
2.1217391
1.5989487
-0.20681258
0.29161596
-1.2672894
1.4773331
0.7875766
-1.5008503
0.53540343
2.931519
3.6494453
-2.6380258
1.0870202
0.27851933
1.3580191
0.6476211
0.33427066
0.49633116
-1.4341291
1.965316
0.68092906
-0.9096474
-0.8778331
2.0728118
-2.6073248
-0.37425864
-0.0105436
0.6842203
-1.1726872
1.6758397
-0.29383186
-1.622347
1.7256949
-0.69364506
-1.6335362
-2.4707074
-1.4645432
2.7303622
2.1197233
-1.8561333
-0.44554374
0.7869723
-0.86278427
0.8357136
-1.2387999
-2.7323673
-0.2691876
-1.3357579
0.41790792
0.6172293
3.210488
-0.3007995
-0.76614803
-1.9120451
-0.26925945
-1.3026237
-0.5050643
-2.3614962
-0.79843056
2.911301
-0.20304458
-1.0230746
0.51381767
-2.1602507
-1.4995887
1.17687
0.23369181
0.40944523
-1.2310752
0.8131881
-1.4523984
-0.97146165
-1.655462
0.42788494
-1.6402283
-2.1165957
0.2871831
-2.5947304
-1.3934734
0.99932563
-1.7553538
1.8113191
0.68368083
0.21013202
-0.018221268
0.10509334
1.1918919
-0.76127255
-0.8052461
2.724539
1.6472032
-1.1872984
-0.7097441
-0.39096522
-0.959267
0.92126703
1.5075591
0.20661671
-1.8294218
-1.1142005
0.081434466
1.7741128
-1.3711436
2.240885
0.5461754
-1.6279896
-0.5851143
0.7610817
0.43612957
-0.5727612
-1.9857014
-0.5330147
-0.6505786
2.667017
1.3468769
-0.32382336
0.12781538
-2.0565774
2.5718572
-0.3905796
-1.7716088
0.017022114
3.301579
-0.24026036
-2.2427692
2.562329
0.3250603
-0.03671729
0.61610407
-3.021987
-1.9444492
-0.1964242
2.184752
0.9187602
-1.4247698
1.6400543
-0.5196314
0.24672663
-1.5367582
1.8162401
0.13253005
-0.6528418
-1.3814598
0.053854983
0.9397101
4.647662
0.020889448
-0.25240016
-0.5108775
-1.4373666
2.3281806
-1.4513884
1.677539
-1.0038254
0.62984127
-2.1149695
-0.55274105
-0.39341092
-0.19663376
1.3605785
-2.0275977
-0.7326688
-0.0454618
2.1746912
0.4187094
-0.08490621
-0.698281
2.0304208
-1.2131366
0.20982325
-0.6772893
-1.478452
0.026282549
3.0817513
0.9708989
2.2249231
-1.7126812
1.2373117
-2.5006618
-0.80913144
0.14687227
0.61040574
-0.45331585
0.36651623
0.8038096
-1.4453299
1.1721537
0.16811354
-1.7956759
-0.50743765
2.0116856
-0.59189165
-0.75036055
-1.0990252
-0.15200591
-1.1790711
0.8391665
0.9459236
-1.7249955
1.5795327
-0.6742261
0.58905953
-2.7424242
1.1460253
-0.5196555
0.02599077
1.9812489
1.3875539
-0.04215329
-1.9160327
0.69858116
-2.3449583
-0.7675428
-0.23943801
2.4886203
-0.63305503
-0.44468358
-0.43800354
-1.4872111
-0.51848143
-0.5305548
2.526545
0.35700402
3.3009615
0.83566594
-2.9005525
0.5288981
-1.2499679
-2.4347742
1.5460148
0.37917358
-1.3928237
-2.3434787
1.4613116
1.2165713
-3.6186357
0.43807137
1.1774122
2.5759661
0.4495904
-0.9261865
0.19173613
1.0391427
1.0767931
2.2418544
-0.10079009
0.6062025
-0.75876325
-0.8281543
0.46731514
0.037578564
-1.9079562
-0.601641
1.7768003
0.3167046
1.3451782
-1.9802384
-0.07012365
1.5684426
-0.51179224
-0.054206688
-0.74383515
1.1119376
1.261842
-2.1353922
-1.2601433
1.4712955
-0.016472291
-2.8479753
-1.3123343
0.3390514
-3.6970482
-0.46942303
-0.055947535
2.434936
1.4742675
0.09251054
1.6459497
-0.37918702
2.248675
-2.5709758
0.06352658
0.047274362
0.6716934
-0.087258615
-0.90819794
-2.669477
-2.439067
2.3492427
0.26466882
0.9355628
-1.5495069
-0.7370747
0.6503919
-0.9262505
0.8725183
0.10144231
1.9898938
0.70899117
0.30614182
0.9531076
0.47368017
-0.016646588
-1.0867294
-2.99819
0.0034518265
0.8260691
0.24531679
-0.04996306
0.049103186
1.4622153
-2.8172321
2.0186963
3.2382617
-2.1367974
-3.5868635
-0.5696385
0.31799755
-0.36557657
1.8902504
1.4323244
0.24494427
1.6000911
0.70722073
0.17605847
-0.6410671
0.036712978
2.7689428
0.6529628
-0.02900147
3.6426737
2.7596824
0.29777157
2.2437465
0.43454665
-3.1887662
2.5348542
0.1492865
-0.7831325
-0.17123896
-2.6789508
-0.13970432
-1.1778187
0.24510337
3.1067896
0.30077383
2.7933393
3.0057087
1.3614693
0.6362454
-1.0046687
-4.465875
0.7820604
1.39731
0.5972501
2.637111
1.4645891
-2.7203584
-1.1309693
0.48431775
2.6164422
0.7012627
-2.6949747
-0.66914153
0.90318674
0.6764602
0.4069535
-2.7522411
-0.56744033
2.5640945
-0.19652194
-2.864719
0.18895221
2.0987084
2.12315
-2.318649
1.7673991
2.7657259
0.68586504
0.6616831
3.5595868
-1.6635785
-1.7428708
-2.8870525
0.2417819
-0.5167541
0.21534751
1.54334
0.67627364
-0.1381989
-2.744266
-0.7688949
-1.8173486
0.74003947
0.15010002
-1.9055156
-0.48429713
3.2270176
0.37019184
-0.38696012
2.1815886
-0.6106849
0.20904757
0.1806344
-0.31379843
1.2844567
0.26617768
-1.5186584
-2.7452898
-1.4860055
0.8091229
-0.28847396
-0.8615119
-2.5524855
0.029470928
2.339547
4.5601773
-0.1278701
-2.732617
2.661823
-1.2031564
-2.802927
-0.7841177
0.34703952
-1.1675438
1.5745693
2.3893836
0.83316547
-3.326544
0.29747114
2.82007
-2.6671982
1.8890421
1.1035625
2.1274202
0.003635935
-1.6464335
-0.20414887
-4.6967564
0.47244948
2.886303
-2.5716326
-2.2941692
-0.33526674
1.4915835
2.452974
0.49879116
-1.244635
0.94053704
-0.8317555
-2.4749656
0.60800594
-1.3991339
1.0531265
0.55163324
-0.6293775
-4.196321
-1.2112079
0.68478674
-1.221334
-1.5131279
-3.4987159
0.42786
1.3557149
0.77636695
-2.378013
-0.7312226
1.6203935
-0.13797404
-0.7541562
1.1671336
0.825098
-1.3143762
-0.775611
-0.21961214
-2.9481206
0.19014989
0.5259899
-2.685868
-0.5130257
-1.0789299
-2.1730573
-2.014538
-0.16525635
3.359919
0.7171903
1.2730088
-1.2119913
2.732727
-0.5435362
-1.4868833
0.19928803
1.7503418
0.92020583
-1.2639115
1.3267002
-2.9060628
1.1593667
0.226788
-1.4366913
-0.18425098
0.13753705
-2.5654552
3.3303127
-1.5356414
-1.3700333
1.4981008
2.148409
-2.4145067
0.41368103
0.3144073
1.1703168
0.026524926
-3.0354247
-0.85694647
2.63208
1.6045103
-0.29269144
-1.2243146
2.7528784
-0.7567211
-0.7806588
-0.121922374
0.8169218
0.55110747
-0.607315
-0.016145762
1.0703474
-2.5939093
1.3590391
2.5141227
-1.4303772
-2.556936
-0.26626757
2.2284918
-2.8856287
1.3300985
2.2068975
2.6900077
-1.1636326
2.4679422
3.2257502
1.0403879
0.10233293
-2.4987535
-0.79169136
-0.09198526
-0.47164634
4.092081
-0.049341496
-0.1532098
0.53440416
1.2768476
-2.0296528
-0.82301867
-0.92246693
-1.9504383
1.1856979
-1.3636813
0.830565
-4.072506
0.6887591
1.8903916
-1.0301331
-0.27420554
1.5528337
0.18005662
1.6638322
1.298227
0.25132358
-2.181052
-0.9224222
0.9739636
2.0243862
-1.262576
-1.888158
3.9259083
0.5505971
-0.92099583
-1.9799664
0.66917545
2.523025
0.91213465
2.8989172
0.7794893
-1.4462953
-0.8009563
-0.08146615
-0.9081283
0.10868939
0.35029656
2.005317
0.073871
1.0989828
1.6076484
1.3038192
-0.5294784
0.2404543
0.6806494
-0.52848667
0.3981441
-2.1857457
0.3156192
1.0765095
-0.9526339
0.050653484
-2.8847013
3.9773633
-1.215148
1.8667567
1.7816513
-0.38204327
-0.6257039
-2.1355448
-1.5912622
0.494155
-2.341806
-0.91159725
1.6688769
2.0484395
0.9384798
1.3440582
0.3055464
1.389768
-2.048566
-1.0855957
1.2852504
1.7297006
0.8946263
0.42515883
-1.1426717
1.2576891
1.2528808
-1.5682976
0.49531356
-0.06437603
0.4268875
-1.0294473
2.2073948
-2.5128524
2.5271459
0.46445683
-0.03172239
-0.87967974
-0.638687
-0.29909626
-0.62078744
2.2401686
1.5672374
1.0733985
2.5903518
-0.524364
1.4821131
1.4795626
-0.5634354
-0.26363838
-1.1185304
-1.031301
-5.313566
1.6009848
0.09595034
-1.4815744
0.008101659
2.4609962
-0.4202809
-3.2186444
1.5936784
0.7322751
-1.4814945
-1.0298728
-1.8799714
0.36819756
-0.3918363
1.184846
0.67497224
1.2784498
7.393927E-5
0.9825555
2.053865
-0.33761182
-1.8196726
-1.5107962
-0.28493097
0.35598284
0.42390937
-2.813087
1.1858796
1.6935148
1.1110713
-0.8269756
-1.5075866
-1.2044348
1.0203617
-0.8493988
-0.3308766
-2.7789142
0.7864259
-0.405313
0.9094169
-1.2361718
-0.12331446
-0.11765027
-2.6359391
-1.4209799
-1.81677
-0.6837156
-0.5101852
1.2686346
0.9332362
-1.6552515
0.8115196
1.2572094
-2.3568377
-2.6838791
-0.28362188
-0.7702415
0.36181375
2.2728992
0.3269235
-1.2049844
0.62522167
0.8999663
2.0777402
0.4819766
-0.4542421
-0.6222872
-1.4239655
0.92213976
-1.6461409
0.46406645
0.856963
0.37467885
-1.0070676
-0.76805836
1.5560778
-1.6579967
-0.18553537
1.7190566
-0.3133084
1.1690276
-0.7008484
0.76994854
0.5778783
-0.28228545
0.19149742
1.1572815
0.5954719
0.7073591
0.0038389347
-1.6377923
-0.15384056
-0.6405558
0.84405553
1.4740301
-1.6846169
-1.683995
-1.4558899
1.3185948
-1.4619105
-0.8704917
0.7111397
-0.26245588
-1.2031132
-0.023712736
1.6303427
-0.410162
0.9167716
-0.025004154
2.8774378
1.4853172
-1.0730423
0.065024
1.7693362
-1.427702
0.60922307
-1.3525226
1.6588696
1.7630258
-2.4966726
-0.16360275
0.28013653
1.5438088
-1.7694645
-0.9377785
1.7806485
0.26576576
-2.8567827
-1.6321353
1.2919799
0.45841047
0.050842997
2.32811
-3.1763654
1.5777595
-0.14571261
-0.13040636
-0.9442861
1.9989887
1.8776673
-3.0928571
-0.7451627
0.10781162
-0.5939391
-2.188426
-1.7256516
0.15543464
-1.5300894
-1.1400319
1.4524012
1.718017
-0.8888146
0.6729432
-0.36758736
-0.39859763
-0.9049997
-0.009936739
0.2034175
-1.4531581
-0.9882063
0.87930834
0.7945539
2.3890803
1.1476439
0.967974
-0.33630967
-2.091119
0.06180041
2.1086066
0.58367354
-2.0603483
0.097107135
2.3099635
2.721937
-3.2240977
0.56727767
0.8660383
-1.3367381
-1.3763521
1.7927508
-2.321921
0.60327315
2.617652
-2.0461082
3.1045704
-0.025852134
-1.955013
-0.09028444
0.058625564
0.8844214
0.2809635
0.558958
-1.5465199
0.11309915
1.553182
-1.8895422
-0.5721399
1.3233192
1.8423991
-2.9798183
-0.89299
-1.735914
2.4131556
-0.74631876
1.1925714
1.2221609
2.6227942
0.30215943
-0.2733323
1.7665625
0.83044934
-0.2780329
0.28602552
-1.2857597
0.9861685
-0.60059536
0.9445724
1.2146347
0.86292064
-0.75266594
-2.9897442
1.6540617
2.009417
0.9277936
0.14227124
-0.57289934
-1.7738272
-0.14121947
-0.170844
1.2570131
1.1076884
-0.7371585
-0.5290769
2.4190395
-3.5897422
-0.08274887
1.5723671
-2.7405016
-2.668285
1.7680268
-0.41257018
-0.2405339
0.12077908
1.8051827
1.1147257
1.6631131
0.40762204
-1.8810413
-0.76913124
-4.284923
-1.43817
2.9992034
0.08532208
-1.7330325
2.1695514
3.1902237
-4.381393
0.6165293
-1.0624211
-0.3102743
0.3149595
-1.8363515
1.6996238
2.1714149
1.7607824
-0.73826194
0.046794288
1.0254042
-3.6473746
-1.9977567
-0.26308683
-2.6435373
-2.368369
0.32058516
1.4023818
-0.42854407
-0.13016796
1.4373875
0.41286653
-2.584959
-0.162642
0.65011525
1.0439501
-0.86729765
0.1800384
-1.3289759
2.14574
0.44978443
-0.56332153
-1.5548491
-1.5414283
0.55203325
-1.4079827
0.88658535
-0.83182746
-0.9774942
-2.9291236
3.068878
-0.23809485
-0.5844464
-3.0166762
0.6859107
2.627773
-0.10579662
-3.1521184
-0.021517284
2.9201295
-2.8635566
-1.6329231
-4.1613407
2.995024
0.6081163
0.80331784
0.16202079
3.0905936
0.43053722
0.73797387
1.1502892
-0.5063621
-0.065860376
-1.570261
3.894925
-0.19932225
0.4531769
-0.01085794
-1.54035
1.0419883
-0.7099286
0.13472088
-0.96426564
-0.16907935
-1.8350962
1.6075472
4.9164786
1.8297727
0.9593404
-2.300438
-0.73633486
1.0550748
0.75996256
1.0083864
-1.7792355
-1.9804459
-1.915644
0.72607356
-0.79802376
1.007721
3.2572012
1.076778
-0.794966
-1.9077328
1.0824217
-0.48694533
-0.3791482
0.96968645
2.956952
-0.35767737
2.1960995
1.1853415
-1.2665874
0.8331286
-2.1328382
0.7970826
1.5610534
-0.687768
-1.7057598
-0.49686795
2.4945369
-2.7046068
1.048856
-0.6300956
0.46252018
2.1470888
-2.7779753
0.03749329
0.3435522
0.4803482
-1.2757795
-0.08359941
-1.6896021
1.2515974
-0.32785457
-0.9928791
1.2428336
-1.2554368
1.937312
-0.2627367
-3.0366716
2.1463833
-2.9156792
1.4609144
1.6112738
3.0703003
1.1801953
1.3929096
-2.8968441
0.060164124
0.4090886
-0.23040737
2.7219617
-0.065350264
-2.6016383
-1.9020827
-0.96957403
0.23454824
1.959425
2.8912263
2.115389
3.279445
2.0395615
0.24069709
-1.7614083
0.06344527
0.19246742
-0.072729856
0.6538196
1.2381052
0.023124224
0.39654925
-1.6976384
1.2386919
-2.756557
0.6737627
-1.3522657
0.07651873
-0.22102167
0.27236378
1.9484167
1.2613097
-0.65463406
0.4728188
0.76102096
-0.98360884
-0.27953213
-1.7604446
0.10036585
-0.74058884
0.3064561
-0.60856056
-0.1895696
0.18698183
-0.8081354
1.6699117
-0.8248962
-1.625273
1.4493027
0.6336393
-0.24106967
-2.4897678
1.1976206
3.185449
0.11047893
2.0705552
-1.4783815
-0.17238332
-0.6314297
0.35734853
0.33764115
-0.12149902
1.6059039
-1.0584141
2.0560338
1.6478298
-1.3648359
0.2798607
1.7397455
-0.09799017
-2.1358173
-0.7410253
-0.31348088
-1.5199274
-2.183294
-0.582835
-1.453111
-1.2550375
-2.7546763
1.8414924
2.2799227
3.0306454
0.30524084
-1.6076415
-1.1512042
1.341644
-2.488842
-0.25565732
-2.9746904
-0.65581125
-0.26497117
2.3940954
0.29826707
-2.6934936
-0.54838794
1.964775
-2.8225207
1.2349752
-1.0710193
1.6054891
2.392161
1.880643
-0.33349845
0.08623333
-0.25145063
-2.057991
0.29443952
-1.4752176
-1.6994871
-0.2777011
0.118309475
-0.76550007
-1.6811377
-0.04008254
-1.7406385
-0.205797
0.22883892
0.38164887
-0.63554937
0.4450281
2.1984084
0.8792053
-0.9574131
1.7803782
1.2686677
-1.1238273
0.6906167
-0.50218964
-0.43060812
0.51509774
-1.2359754
0.876108
2.6582694
1.034883
0.7469753
2.336791
1.4896648
-0.028470749
4.582783
-0.5826288
0.2926909
2.4847302
0.16462405
1.4556972
0.33735597
0.70894736
-0.98962235
1.1364981
0.09320855
1.1388198
1.7940844
0.30812362
0.8400745
0.37680694
0.28122354
-1.2938161
-0.5802645
0.9736626
-0.7709603
0.015992494
-1.422334
3.1780167
-2.3082707
0.17743802
-0.64422166
-1.8752056
-0.46706828
4.699407
-0.12706439
-1.4467936
1.8953124
-0.23725133
-0.75542504
0.49004838
0.6193312
0.7944195
-0.97464865
1.4690442
0.8268359
1.1009188
-0.76495564
-0.43840086
-1.7403289
-4.0878797
1.1523252
0.6101755
-2.9564745
-2.3809752
0.75590104
2.6913867
0.6379468
2.0157225
-0.49355477
0.17742722
-0.013190043
0.46861956
-1.7451401
-2.0913994
2.7422535
-1.2229463
-1.4350508
-2.2769058
-0.9456372
-1.277191
1.4711187
3.3781521
-2.0637496
0.40648434
-0.62492406
-0.3167589
0.6242009
0.17727768
-0.76822364
-2.3208117
-0.5787673
0.5002539
0.80806255
0.06836902
0.61169434
-0.5394223
-1.8554595
0.1527524
1.9081329
3.103246
0.8457049
1.640101
-3.6272397
1.9895422
1.084838
-1.7962413
0.49563465
1.5494319
-1.5703835
-0.18454643
-0.5414765
0.11850752
1.6934675
-0.08217656
0.4571997
1.2975638
-0.8358529
0.06942241
0.7770605
0.5332131
0.895191
-2.014574
-1.9532092
0.79029393
-3.4901776
-1.1422408
1.9315617
-1.5070449
-1.7382193
3.4856098
4.272313
-1.9656475
1.9916071
-1.1928308
-0.37260613
-0.990992
-1.5204681
0.48974964
1.2885748
0.09305885
0.44797674
0.70636165
-2.058016
-0.68795186
1.1388963
2.354022
1.8132665
1.4772074
-0.48777753
0.123273015
-0.67592466
-0.13686685
-0.13248692
-0.21390116
0.21837601
-2.1355896
0.40385076
-1.928088
-0.9121733
1.8647296
2.1227186
1.7561302
0.8611233
-1.001206
-2.9839478
1.833682
-5.146491
0.0692469
3.5268943
0.9363439
0.98783594
-2.0681272
-0.9419597
3.5200555
-0.84856033
0.20829253
2.4381711
-0.0680539
-0.76190484
-1.3165067
-1.8781683
0.48875958
-0.7515955
-1.3519839
1.362196
-1.7741284
1.019993
1.5923328
-5.1097574
0.13281898
4.640394
-0.18609077
-2.8488324
-2.4827914
-3.5331318
-2.4237807
3.8584998
1.9024613
2.0625324
0.5297488
0.27002245
3.204058
-1.1496302
1.3305452
1.8723342
2.5695026
0.0731831
2.0979455
-0.41251948
-0.5242894
-1.4693446
-2.9705658
-2.8331664
-0.6317729
-0.51903206
0.7871309
1.1386045
0.886245
2.48566
-1.2184498
-0.5965551
1.275922
2.8269908
-0.5155275
-0.62364894
0.16501549
0.17361793
-1.5668302
-0.15414286
2.8267605
-2.1414835
-1.6641848
2.2578025
-0.48628157
-0.52666986
0.4505176
-0.057567637
1.0647105
-0.83657324
-1.6314583
0.6895069
0.29970613
-1.8208905
-0.82500416
4.0353
1.0450486
1.0429236
-1.325311
4.3528996
4.572452
-0.9716159
3.5940928
-1.1051018
-2.0144339
-1.1276354
-2.207201
2.9761937
0.69002324
-1.7161736
-1.2777351
0.04245278
0.14560758
0.4896543
-1.1427251
-0.38427818
0.8917368
-1.8499198
-0.060836446
-0.80457044
-0.8852882
2.4227161
0.20407023
-1.4295408
-2.1374753
2.0770938
0.78433084
1.5442084
-0.27710822
-0.6561047
0.9586102
-1.4574047
-2.2564216
0.5131139
1.1045213
-1.83824
2.0341406
0.2724269
0.2745103
-0.56453246
-1.7296339
-0.31571576
-1.1675863
0.5658197
-0.04739247
0.3473884
1.7907915
-0.0011582987
-1.8249351
-0.19577739
-2.2293139
-3.0103905
0.5281514
1.3730564
-2.3839436
-0.3975113
-2.0356503
-1.1469352
0.46945763
-3.48474
1.1141926
1.5142661
-1.3827423
-2.3135302
-2.9363217
1.4173126
0.21208398
-1.5218538
2.2169065
2.8741703
0.455982
-0.4017321
-0.041186992
0.5015863
0.79144263
-0.054240588
-0.6998145
-0.023440372
0.44771603
-0.4928028
-4.41896
2.5292757
0.50251496
0.5957207
-4.189876
-0.65198517
-0.91689664
1.3958567
-0.32358372
1.6302482
0.6163061
-0.34867463
-0.9085649
-0.6839979
-0.17761585
0.17463809
2.1808074
-0.33635303
0.73772234
1.9452173
-2.8885715
-1.3449037
-0.9017276
-1.327932
-0.24750924
-0.81350625
0.32244453
0.79030734
1.0158122
0.74769026
-4.309104
-1.016939
-0.0072140954
-2.8719418
2.1059933
0.75019103
0.08756624
0.87445843
0.6295895
0.32298127
-0.12813586
-2.1386364
3.8759215
1.4417938
0.028060693
-0.12032956
1.1447098
-0.044690344
-0.6744245
-1.0019032
1.4318521
1.2943556
-1.4652911
-2.1540341
1.8151987
-1.8140124
-1.8960652
-0.4570053
0.77985835
0.6324547
1.5851941
-0.6094281
0.33343044
0.46909666
-0.95664126
-0.061535332
-1.010288
0.1660967
1.484141
-0.12906797
-0.71351963
3.0943959
-0.5400886
3.4966383
-2.5887218
-0.5881867
1.3230988
2.5913105
0.74637926
-1.7440518
-1.0930463
0.17741832
-1.5990797
0.04791434
-0.1834317
-0.4093034
1.2683163
0.8669194
0.17558752
2.3804579
-2.325773
0.36439145
0.6889125
3.0620022
-1.3616561
-0.9165067
2.8424764
0.76705086
0.028263628
-1.0741433
0.12283917
-1.3286705
0.34115747
-0.26417193
1.8926766
2.0083416
0.46194512
-0.66846424
-1.0061005
-1.1242076
0.33757123
-0.8034496
-0.24912307
-1.597662
-0.31764045
-2.731712
-0.4796827
-1.9694908
0.13051374
-2.0041616
1.7255293
0.10949895
2.031423
-3.5576053
0.6846039
0.32635826
0.7108733
1.6434383
1.4670051
-1.2768698
-5.0331593
-0.3426607
1.7800487
-0.9223446
-1.296288
-0.089064114
0.3001102
-1.4977062
0.021838928
0.3577203
-1.6887231
1.0272286
0.70443356
-2.1949878
-0.4729175
-1.2958163
0.96854866
-0.87265396
2.2160459
0.4432026
0.33057073
0.11541208
1.1496072
-0.30317494
-0.096280016
1.8523567
-2.0653942
2.4285169
1.7513365
0.36227468
0.59649354
0.22179547
2.1183486
0.5369643
1.0382235
-2.004926
-1.165369
-0.80721766
0.4818501
3.4743228
-3.8324971
-1.8731596
-0.051278297
-1.7808965
0.3778669
0.94194907
3.1386406
-0.83436084
1.4028709
2.2671573
-0.13328744
-0.88857853
0.48219076
-0.018688118
-0.022597766
-3.5736978
1.8844565
1.1119883
0.8428233
-2.0578492
-1.7018931
0.8829318
0.6765671
-0.93082666
2.4901347
-0.77918077
1.2135847
-0.26916683
-1.1331422
-0.7885079
1.7594395
-1.0501479
-3.3259459
1.4092469
0.11652877
-4.755994
-2.2961102
2.9439385
1.6038107
-2.656856
3.5864866
-0.54371995
-0.56379557
0.5350293
-2.8338633
-1.7978623
0.8384269
1.397926
0.85295856
0.7153635
-2.4015858
0.1456472
-0.6350499
1.5519518
-1.0868161
1.1837841
1.0931168
-0.48981225
0.8008526
1.3861895
0.62108934
-2.34285
-2.9255755
0.56911325
-0.8620529
-0.38150328
-0.95596415
-1.5431709
-1.6693532
0.035691146
-1.165108
-2.3202007
-1.3306133
-0.19989358
0.53503734
-0.3683799
-0.2964035
-1.0756644
0.7551215
0.6156971
-4.1728926
1.6834222
0.9270525
0.23715588
-0.1708309
-2.2871914
-2.7406275
0.1561305
3.0006492
-2.5277133
1.5681719
2.8225577
-0.6019652
1.4142488
0.08509582
4.2123995
-2.5613346
1.6163958
1.2598107
-0.33704218
0.028228568
-0.5419813
-0.1527154
-0.2999069
-2.8999274
-3.7224205
-1.8295143
1.8787105
0.43355
-1.0927225
1.4361734
0.43729854
-2.363675
-2.0476394
-1.9852226
-1.5191872
1.2182485
1.0957725
-1.378257
0.6074395
-0.95779425
-1.7964709
-0.40302846
1.8721404
1.8210353
0.0742178
-0.2136923
1.2648982
1.5383579
2.8128543
-0.42027226
0.10370307
0.65587986
-0.30330735
-1.2513274
-1.801929
2.7444851
-1.4236002
1.611204
-0.9116415
2.1561208
0.14104775
-0.6030375
-1.1588928
1.1036164
1.518085
0.3509939
1.3538324
1.4671535
0.35133708
-1.1552694
0.99698305
0.53785974
-0.85129064
-0.071184106
0.569827
-1.3977073
2.7601445
-4.6480894
-1.8374197
2.5179007
-0.740201
-1.8814235
0.91405696
-0.8641711
-0.4076514
0.525753
0.32793894
-2.136988
-1.0848616
0.18743974
0.5707606
0.461341
1.1898468
-2.240783
1.0076011
-2.0709956
-2.4804752
-2.4446652
0.18333587
-0.013954399
-0.460997
-1.130441
-2.2055962
-0.14518368
-0.72754973
0.6116032
0.50034165
1.1838346
2.03609
-1.096719
-0.6928354
-2.1097386
-0.484239
-1.5340165
1.4986589
0.14009692
0.8578637
0.58481884
-0.41262814
-0.5327493
-2.5255337
0.38581824
-2.1341197
-2.3133624
-2.1985533
1.9302996
-1.2755114
1.1669719
2.2241921
-1.8215533
-1.465253
-1.1401643
4.4411173
2.67587
-2.9434643
0.48986247
-0.13665423
-0.31978053
-1.4638712
-2.1500225
1.3881351
-1.5993572
1.5177436
-0.26081723
-1.1304044
0.24231602
-0.041259754
0.60722774
0.97966737
-2.5572777
0.039831627
1.9103835
0.88181365
1.2990973
-1.5234349
-0.11302344
-0.3690763
-0.9771704
-1.7289269
1.8664781
1.5745885
-0.7765707
2.8394186
-0.2150435
-1.3196722
1.8163261
1.5461388
0.45797142
-1.3242885
-0.13178548
-1.0304686
-1.5398806
0.927535
0.24897335
-1.3431348
1.3155572
1.0289623
-1.4565078
-1.6257869
-2.0218062
1.4705056
0.63214105
-1.3663062
0.35808602
1.7115242
3.4516697
0.22637382
-1.3335683
-1.0015347
0.103923686
1.6125109
-1.5258418
0.41486806
-3.3126912
1.3033528
-4.2930713
-2.1539521
1.783412
2.758987
-1.0924456
-0.12688483
-0.39702088
0.39959413
1.226492
0.6450155
2.3856332
-0.47175348
0.6230971
-0.43324763
0.4973021
-1.1473999
1.7585804
-0.33125967
-1.0314885
3.0012257
0.23552307
-1.2498555
0.11340384
1.2924677
-2.7732313
-1.3886381
1.3933896
-0.6972021
1.2387205
2.2851775
-0.2936882
0.33862326
0.9150564
-1.1745213
-0.77694213
-1.5581931
3.8389318
-0.38475347
-2.1279228
-0.34156427
-1.0467935
-3.0643876
2.5376403
-1.0426322
0.50970674
-0.8962455
1.4323639
2.0841658
0.90775937
0.045177024
1.4786768
-1.6813332
-0.7071471
-1.3002224
0.40258268
3.8635085
-2.1420476
0.9551219
-0.89506197
0.794332
-1.669971
1.2635111
1.3537654
-0.7075713
-0.0886979
-2.1172357
-1.7192281
0.062204544
1.3188128
3.2759235
1.3720313
-4.0471826
0.4302781
-0.6513225
-2.3443274
-0.98592156
1.2542508
-0.2772418
-1.2582811
-1.3624433
-0.8214446
-0.12757614
1.9305292
-0.4123551
-2.8663104
1.1635736
0.68441886
1.5871975
-0.042103373
-1.1682217
2.1773715
-0.31718433
0.7520294
0.65265405
1.8380384
0.2863023
0.58825326
-1.317178
0.28632295
2.1602242
0.19558096
0.7447372
-1.0867672
-0.20436072
-0.6667931
-3.0555375
2.8623438
-2.0634902
1.863157
-0.20447847
-2.3598318
0.7019685
-1.5721166
0.31520382
1.0636635
2.6601927
-0.008775366
-0.69948584
-2.2574458
-0.13443078
-0.011396837
-2.4555047
1.3529183
-2.1615722
0.66573757
-0.09648341
3.193686
-0.13334483
1.8222601
-0.30003062
1.8453882
2.2580492
-1.2448076
0.07129576
-1.8362687
-0.9450142
-1.7289491
0.27191967
2.424753
0.9541305
-0.7325056
-3.165339
3.153669
-0.43117952
0.5648806
0.2443146
-1.3216556
1.4618789
3.7709663
-0.82222736
-2.191075
-1.3735595
-1.571656
-0.029628536
-1.2360511
0.8973622
1.4878798
-1.1808492
-0.7791962
-1.263432
0.43918243
0.25799298
-1.1907455
-1.2749665
-0.7021322
0.16682032
0.39495283
1.3306892
-1.2756387
-0.17367652
-0.43370464
-0.54670954
1.5657142
-0.01796637
-1.4673271
0.51369077
-1.3719293
-1.107603
-3.1977289
-2.4592335
3.9744816
-1.6775265
1.4669585
-0.6261799
1.2235504
1.7175978
2.5790286
-3.03034
-0.8800645
2.0799017
-0.92409575
-2.0902903
-1.2625389
0.27219006
-0.19692153
0.65788895
-0.19684805
-0.22311091
-0.12681568
1.7773794
-0.6017169
2.0038562
0.4945269
-1.842904
1.9955505
-0.5524498
1.3892467
-0.78603125
-1.8792806
1.7194475
-1.0549877
-3.1603734
2.3758912
0.66602653
0.5761656
-0.1468101
2.103403
1.8287162
0.5325045
0.8213833
-1.004961
-0.6688542
0.87059367
-1.5923665
-1.8728656
-0.97290885
0.39599523
0.7497948
-1.6393049
-0.11762096
1.4010782
-1.1324633
0.99189633
2.2674003
-0.8512052
1.8511372
-2.993109
1.1885383
1.4000951
1.4274578
2.229464
0.38464993
-0.14790596
1.7930216
-0.33881134
-1.9317926
3.9773765
-2.640711
1.2793472
-0.22529759
-2.9889708
-0.42707112
-0.8367313
1.4683415
2.2243726
3.2362113
0.55133146
-1.03371
-1.2104038
0.18269663
0.8170168
-0.40881702
0.33745772
-0.7675234
1.8277525
0.60102886
1.04339
-0.53213865
1.4730839
-1.4992214
-0.56982064
1.2273527
-1.5866679
-0.12531519
-1.38419
-1.2237731
-0.4970066
-0.78440225
-0.4180383
-0.06175964
2.0969868
2.242124
0.46569124
0.5534722
-3.0521343
-0.2885477
1.332209
0.46518952
-1.2708695
3.6594934
1.8896229
1.0046809
1.8655429
0.34787992
2.1402926
0.9240315
-0.6692449
1.6941496
-0.18754667
0.107313775
-1.436105
1.5884459
1.2065319
1.3362436
-1.0888247
3.2217343
2.7941887
2.0873623
-3.1163146
-0.1316123
4.884003
-2.7600474
-0.68419003
0.4353267
1.4492604
-0.9017847
0.5631089
2.0833318
0.5479998
0.023180999
0.56256557
0.48364657
-1.9164358
-1.9069504
1.0164356
-0.15971665
0.099011905
1.0865065
0.45123366
-1.3660092
0.15042043
2.2447722
-0.34038505
-1.4463826
-1.9989774
-0.7372084
1.3805937
3.3864827
-0.5731528
-0.22523084
1.7277888
0.49609733
-0.67554003
-1.2988999
-1.4867228
-1.1936259
-1.4953293
1.118574
0.38770655
-0.48512796
-0.5499021
1.6433765
-0.90316504
-0.5536397
-0.5010033
0.29514515
2.2982488
-1.6249946
-0.8390465
0.1638244
-0.06440455
-0.23251556
1.5800227
-2.3305395
1.4433883
-0.6466009
-1.3595784
-0.9241122
-3.025446
-0.058374673
-0.035974633
-0.8689167
-1.1999844
0.87105775
2.8161027
-1.1335802
0.4348058
1.0692519
-0.6520663
0.31435457
-1.8981941
-2.558081
2.648016
-2.3143654
1.3370619
0.99210453
0.9361748
-2.5543296
2.4898422
4.468057
0.02834843
-1.8792626
-1.7964212
0.5840948
0.14862347
-0.092581786
-1.4929055
1.5118893
0.821974
-1.1215531
0.37009847
1.5858444
0.65808636
-0.8531075
-0.01674598
1.8178824
0.56403327
-0.06662249
0.53396106
0.15430643
-0.40282708
-0.8438348
-0.6109386
0.38950795
1.6512383
1.3262618
-0.7465015
-1.1965051
-1.8195275
1.133021
-0.781037
-1.2130764
-1.220444
-0.4149455
1.7591522
-1.1039023
0.13493635
1.7729558
1.7928832
-0.3168685
0.3410556
-0.22830352
0.06512706
1.420129
-0.12169598
-0.7242191
1.0202439
2.2761567
0.38058293
-5.3620105
0.16193306
0.22850204
-1.3862233
2.6256144
-0.9326985
-1.5543715
3.5869956
-0.8003464
-1.0486087
-1.517711
-0.6757152
-0.8839045
-3.3828206
1.4411192
-0.5187078
-0.98830694
2.5372758
1.6750938
2.1756012
1.7969598
2.2205248
-1.0250814
-0.24419282
-1.1661086
1.7350254
-1.1156508
1.490578
1.667815
-0.4915352
1.0958941
-0.9675739
-0.25134617
0.5991567
0.66743195
-0.76094264
1.5424695
-0.47908056
-0.7335347
-1.311089
0.15295032
-1.874772
2.8626156
-1.340594
-1.4079995
-1.5131651
0.17921531
-2.429626
2.5136056
2.3757625
-5.122361
-1.7293578
2.625372
-0.66109294
0.6020418
2.1739817
-0.9585962
0.5314601
-0.82356805
-1.5156813
-1.1673535
1.9273403
2.5454884
-2.5371833
-1.2131802
2.4847877
1.3641403
-1.1848477
-2.3718863
1.844661
0.31875092
-0.3668506
1.1691662
4.5383477
-1.3094518
0.6070586
0.81567866
-2.1127658
0.06353347
-1.0555085
0.3264455
-0.82012135
0.43368244
-0.34354123
-3.5601323
1.1983
0.9809869
-0.54127663
-2.874021
-0.8912876
-1.1723181
2.315334
-0.6615767
-2.674464
-3.1941783
2.4474823
2.1184309
-2.712818
-2.2227566
0.4128833
1.7487011
1.2124838
-1.1193087
1.1994991
1.8582102
-2.1642845
0.9239201
0.66683847
1.4574692
1.2994645
2.30349
0.13817827
-0.60890573
-0.79335415
1.3187213
0.5197365
-0.47874334
-1.1221911
-4.9796233
-1.3983867
-0.39705625
-0.0699019
1.417875
0.26178044
0.5743893
-0.7991564
-0.9903135
0.7283985
-3.3925383
-1.496439
3.452299
-2.0420842
2.381454
-1.2926565
1.2071015
0.3592336
-1.548699
-1.8603631
1.1625458
-0.8426718
-1.070154
1.5138332
-1.6134714
-0.20262396
-0.6223943
-0.5256527
-0.1790148
-0.7052287
-2.2009377
-2.8326843
-2.2143002
0.28840768
1.8736176
2.7293682
-0.09458998
-0.6445938
3.065857
0.77643436
1.9328977
1.7990941
-4.0814114
-0.34931177
2.3815002
-2.7943723
1.6162198
-0.7501738
1.1616042
-0.22339274
-1.8213768
-1.0161793
-0.7469281
-0.3808207
0.75834745
-1.4936472
-2.2130299
0.24352838
-0.6616339
-0.6809505
2.451369
-0.02044744
-1.308907
1.9478552
0.17905179
1.4434824
-1.1958468
-0.25394252
1.4099692
-0.93473864
0.16354813
0.4394941
-1.8874846
2.840369
1.8712156
0.25411963
-0.90198445
-3.7290428
2.6980116
1.7913488
-1.680968
-2.5144799
2.4329193
-0.42624587
-1.2486997
-0.3246506
0.7361507
1.2153918
0.09559596
3.4003274
0.5905774
0.8045407
1.3412554
2.4281213
-0.25278255
0.7822505
2.4887886
1.2108403
0.97571176
-1.3941574
-0.6718887
0.48279935
-0.43893886
0.7399345
1.8597357
3.5354357
1.8693619
0.02558351
0.97541595
-0.64935404
-1.4584659
1.0926163
1.5074977
-0.69284594
-0.28575215
1.43168
-0.71778214
-0.44089496
3.101402
-0.1398629
-0.5560393
-0.49839386
0.14623679
1.043814
0.8268769
-1.0861827
-2.5996423
0.010907159
1.1033583
1.593985
0.845089
-0.82376933
1.6717602
-1.3176215
1.5256355
1.276463
-0.08707993
1.5389628
-0.35173807
0.7443725
0.5772633
0.27960002
-0.40416208
1.5803775
-0.17266384
-1.1302398
-1.5328248
-0.7127848
1.207115
-1.1017249
0.15509687
-1.40571
-1.563514
-0.07673201
0.1381612
0.37043256
-1.1646436
-0.37807974
-3.0921462
-0.4563468
-2.0703108
-0.38954848
0.13404872
0.013227771
0.83180296
-1.0514606
0.29915503
-1.6109595
-1.3211842
-1.1879675
0.23257099
2.7943747
-0.09696226
1.15276
0.34038675
-1.6179192
-0.82800895
0.76350254
-0.85150135
3.158634
2.1371138
-0.5952999
0.21754897
2.4811993
-0.86653024
-0.88991535
0.7435157
1.5288936
0.6616291
-1.6342903
-1.6437008
-0.70789766
0.21894279
0.1814194
1.730218
-0.7603505
1.4909903
-1.8592192
0.81779855
-2.1569345
-0.82420105
1.2342669
1.8508368
1.5386149
-0.2511303
1.4199965
-1.1784819
-0.8496134
-1.3832403
3.667789
3.307927
1.0173385
2.3643725
-2.375872
-0.973748
2.4194746
0.12854008
-1.7177703
-2.244989
-0.16429111
3.146828
2.6928356
2.101725
1.8039263
0.31021577
0.75807625
0.60479796
-2.1435084
0.8292481
-0.47189954
5.246844
-1.7040433
0.25351095
-0.822179
-0.65226334
0.6861729
-2.0952978
-1.7860656
0.13262062
-0.72831374
-0.43800628
2.5645595
-0.9971359
-1.2587216
0.92765707
-1.8851398
-0.13934329
0.03979195
-0.6088577
-1.6736264
-0.087838836
-0.68785197
-0.69967216
0.48220918
3.2241797
2.7556944
-0.06556825
-2.4358428
2.1430323
-0.7700976
0.8336633
-3.0798886
0.6213174
0.1377752
1.0114415
-0.62951964
-2.689573
-0.7940249
0.14623284
1.7772629
-0.14943007
0.85333616
-3.127245
-0.76814574
0.478212
-1.4750016
-2.2880228
-1.3255659
2.7321033
0.8382417
-1.6837089
-0.103498355
-0.08544527
-0.38968933
-1.6159723
0.41871908
-1.7857554
-1.0625597
-2.2512014
-0.4186396
0.92680496
0.23093933
-0.100613445
-0.86220723
-0.11929238
-0.63638544
1.3478171
1.3264931
-1.282426
-1.9240767
-0.22755338
1.6000614
-0.44496727
0.8667277
-1.3577434
1.5976188
-2.0088115
-2.3645704
0.8912907
-2.5363376
2.5112848
-1.499875
1.2725928
-1.9351733
-0.059582647
-2.1732268
-1.3659977
0.6547531
3.0786
0.45803285
-2.0232859
0.116270825
0.034762677
1.5701138
0.6699196
0.2754628
2.7714648
-1.4542143
1.6738126
-0.4536615
-0.7292187
-0.17097095
-0.41572577
0.11270498
-2.056925
2.7156572
1.1115707
1.4846731
-0.117974624
-0.371157
0.64876926
-0.37577853
0.742775
2.0301378
-0.8220759
-0.4911189
0.5686666
-1.2740041
-0.47932026
-0.71234894
-2.2321777
0.99213964
-0.44007927
-1.017219
-0.3507156
0.33184084
-2.6688747
-2.116319
-0.99752676
0.51918936
-2.1054113
1.4015429
-1.6198258
-2.3530736
1.078727
1.9393338
0.5373349
0.8670506
-1.7418522
1.1070284
0.74593097
0.36406955
1.5259825
-2.8932104
-1.3506017
3.5511897
-0.74628794
0.31336734
2.1301818
1.2256635
-0.6682757
-2.3793406
-0.6680308
0.09987434
-1.3003881
1.1828152
-1.227168
-1.4662075
0.532689
2.7672722
-1.1784916
0.40309536
1.1780424
0.12250061
0.3285012
-2.643673
-0.25734916
-0.9521106
-2.744819
0.014634667
-1.895887
-0.33156216
-1.891683
0.45449835
1.915003
-1.6247945
-1.9857489
2.2654936
0.8003066
-1.3558899
-1.1672034
1.2906599
0.822585
-1.6813154
2.1047273
-1.8777047
0.71343356
0.9437796
0.29922676
0.9609483
-1.0894946
-1.7099427
1.7706895
-0.29686272
0.43491402
-0.17632134
-0.045668002
2.1993935
4.3323855
2.2110364
1.6861464
-1.5802455
0.5991371
0.54165024
-0.8046627
0.4244758
-0.23384039
0.7516567
0.87541753
0.14426382
0.88096666
0.69815856
-0.9460532
0.082086496
0.8102156
2.323017
0.047018923
-0.33763665
-3.019465
-2.7790308
0.4821063
0.037060384
-2.4444542
-0.11175822
-2.998398
2.6740513
-0.61089367
-1.6848129
0.13869126
0.028223846
-0.06635737
1.7790533
-0.9687606
-2.1671712
-0.40468124
2.4431539
-1.6365576
0.89928937
-0.8781622
2.7802432
-1.0105228
-0.71662635
1.2117507
0.2705649
-1.9405599
-2.9670472
-0.6983438
1.6802125
2.2684755
0.0017525414
1.606795
1.5701069
-2.0697124
-0.882108
2.2310686
0.73781335
1.4016387
-2.2189782
2.0047622
0.6361486
-2.5597715
-2.9920561
0.41464555
-3.9804833
-5.5273294
-0.21690966
3.277564
2.057215
-0.68890005
0.57076216
-1.2046539
-1.9130924
0.30354324
1.3323897
-2.6766567
-1.8685823E-5
-0.21526511
-1.1212937
0.5723008
0.0924652
0.73699576
2.0533304
-1.625993
-0.08589462
1.6006418
-0.2937325
-1.5853258
-2.2490163
-1.2332382
2.0029783
0.006295696
2.6266894
1.2314718
0.17678465
-1.012351
-1.7678534
-0.13627285
0.5999603
-1.2303569
-0.7684646
-0.07359255
0.7793037
-4.5697374
0.43107492
-0.5916611
2.9519823
-0.6122606
-1.6082869
3.3206196
1.4369237
0.48666307
-0.036137674
-0.2959538
-0.81351787
-0.14554375
-4.6747603
-1.0401459
-1.8035127
0.4651153
-1.6344761
-0.9460073
-0.34723026
0.34711057
1.2509439
-2.0614216
-1.4351127
0.6125597
0.042824514
-1.2650317
1.7652876
1.4520148
-1.8349342
-0.48714724
0.52416825
0.23757637
0.74927455
3.4931633
-0.7444885
-0.995673
-0.67612123
-3.2654767
-0.16707495
-0.029818006
0.3893708
-0.3219119
-0.586655
0.33957973
-1.3475634
-0.045713365
1.4822187
3.499365
-0.333531
0.12222208
2.7256963
-3.1486914
-0.26634786
0.13020287
-0.31926826
3.1048865
1.8770182
-1.6569233
0.9568896
-0.31425703
-0.74619687
0.7504801
2.3007138
0.5759004
1.4002558
-2.4020472
-0.8728695
0.5155425
-1.6265827
0.20392255
-4.375034
-1.6507691
2.7770545
-0.84281725
-1.2873533
0.07522932
1.3490733
0.5494828
-0.24975258
0.031586543
-0.21474451
0.93455654
0.77452433
-1.3260632
3.0302691
2.504288
1.6951388
0.36234358
1.8619363
-2.2649708
-0.21079896
-0.0819301
-2.6854491
1.0633168
1.0690222
0.9176734
-0.93751705
-1.345123
0.12934965
2.3567467
2.7053206
-0.5706579
-0.033400834
-1.6611563
-0.44461116
0.31580317
0.2809881
-1.8456271
0.43117693
1.9343688
-2.8943496
1.6766328
0.36941952
-1.1367878
-0.26231936
-2.5076053
-0.7698327
-2.515576
-2.7297957
-1.5635989
-0.52627456
1.6035347
4.506715
1.4923226
-0.39380303
1.2616103
-2.095152
-1.5618199
-0.90241355
-0.015852481
0.7141168
-0.19733366
-0.19084316
-0.23307607
1.0086122
-1.5711385
-0.38497216
-0.07976618
0.5782322
3.363225
3.9813595
-0.3245627
-0.08110893
1.7212695
3.2573428
-0.27629045
-0.2611777
0.25495988
0.3465662
1.8754141
0.058348756
-3.0731397
1.0086936
-1.389587
0.7210888
1.5113311
0.19098334
1.2622569
2.622369
-1.0941879
-0.9831181
-0.96344024
1.5333251
-2.21198
0.3296078
0.06315246
1.0808127
-0.054469842
-2.6775963
-0.14311677
1.5936091
-1.6950095
0.9872228
0.710952
-0.3519489
-1.0547708
-0.8986048
-1.9445342
3.3554673
-2.004218
-0.41953656
2.8876576
4.057091
-2.089573
-1.1807312
1.42777
-4.3987365
-4.4752173
-0.92190444
-0.61741626
0.029398726
-0.040126067
0.30572686
-0.8096592
0.27603525
-3.1867237
2.1601083
0.07669068
2.3816946
0.065695025
-0.21146078
0.036079746
1.0049258
-2.4008074
-0.39615074
-1.2180734
-1.3240027
-1.7754412
-1.7038623
-0.8815539
-0.5830505
-0.31855023
-3.271355
-0.14027868
1.7093661
-0.739953
1.3267392
-0.6091585
-0.47806087
0.4482015
-0.77841556
-1.6142793
1.4514186
0.1939081
-1.9976485
-0.20627527
-1.4310491
-4.5504394
-1.1777254
8.543704E-4
0.6311878
0.67925364
0.663692
-0.27605698
2.4445472
2.3250537
-0.22001408
2.243023
1.8734815
0.37717116
-0.7017065
-3.285516
1.963599
-1.4194928
3.3551068
-2.1041214
0.6144302
0.26021275
-0.6011907
2.360083
-0.93864584
0.4386842
3.5394843
0.60154736
-1.505044
-1.9565828
0.30885682
0.2840603
2.2188802
-0.777667
-2.8234286
1.7875335
0.65318036
1.1157244
0.8470677
0.88024795
-2.0494437
-0.82326
-1.737145
0.45540833
-2.3391082
-1.3507649
-0.09986718
1.5004922
-3.2514997
-0.96982974
-1.2258868
0.1944146
0.22930449
-1.8899112
2.837483
-1.4597554
-1.0559113
1.2403203
-0.69305104
-2.581761
-0.56562674
0.99602795
0.5714977
-0.2382177
6.7543645
1.8222654
2.6959453
4.6736336
-0.38762748
-0.7915674
-0.70507765
0.06272404
1.1670573
-0.73454005
-1.4199964
0.4294223
0.8441446
-0.6992255
1.1143245
1.958517
0.49690443
0.69891286
2.064663
-0.081925906
-2.6784148
0.27961308
-1.5747454
1.43894
1.8743019
-0.43683022
0.80849975
0.17275776
0.5274527
-1.7028998
1.0037518
0.36912525
-2.7389872
2.3036246
-4.051278
3.0314732
-2.2187011
-2.6640403
0.59779316
-0.37885275
0.52854544
3.1520276
0.2239346
1.0930016
1.5950297
0.11915594
-0.07395595
0.8633944
0.18513137
5.105976
-0.9406537
-1.1524245
1.3404099
1.2393484
-0.6631121
-2.2327845
-0.38088796
-2.0907235
-0.67917764
-1.2130116
0.22160444
0.8576465
1.5466746
0.65279984
0.89413315
-2.4161239
1.3574697
0.48857912
-2.6379218
-1.2149514
-0.80623174
2.4389503
-1.428737
0.86777806
0.6488783
-1.3053122
-0.58566856
-1.1623039
-0.9897718
0.92006844
-0.97811276
-0.7944482
-2.2747815
4.788778
0.54587346
-1.2668254
2.7485318
-1.6913905
-0.0088566
-3.368298
0.13483737
1.1467503
1.7822965
-1.0533619
1.5229545
1.5483572
-1.961804
-1.6987617
-2.6490068
2.4877625
0.08241866
-0.48912656
2.7383726
-1.8921989
-1.5128555
-0.68288493
-2.0923178
-0.42227724
0.72176164
0.7652454
-0.9599563
-2.8014653
-0.46072865
3.9646025
-2.3659744
-3.9235854
-0.6483374
1.3127586
2.2452848
4.0724244
-0.07963051
0.027742833
-3.601379
-0.84457153
2.2496483
-0.1107941
-2.066558
1.3468478
-3.6580713
-1.3610241
-0.44600403
-1.155362
-1.6262264
0.27311337
-0.85748106
-1.0107739
1.349129
2.442907
-1.1902319
-4.9303064
-0.55786026
1.1312474
-0.23842266
-2.0986903
0.107495874
-1.4656513
-2.5644655
-0.46053976
-1.3460578
-3.7840426
2.8460507
-1.5664756
0.21926388
-2.2240014
1.4093112
-0.49128813
0.61789036
-3.4284878
1.1312481
1.512769
2.4860725
-1.0732583
0.5232188
-1.2977214
-2.4181743
0.0019728597
2.2509506
-0.9424112
2.9660447
0.063534476
0.008812767
1.3391694
3.7006915
-1.0260766
-1.1831553
2.2988803
-0.73547304
0.5070746
0.3232107
0.96487796
-0.4256754
-1.0656462
-0.15083933
-2.5378408
-2.216993
-1.6773106
-3.1392717
0.8847689
2.2553945
2.083625
-2.924243
1.528022
0.1387849
-0.37533063
1.6959256
-0.74259144
-1.5726584
1.5989591
1.6520714
-0.91112477
-1.1717658
1.4451056
-0.7733463
-0.4750971
1.9371945
0.557047
-1.4567581
0.77999526
-0.5450153
1.6400157
3.0824132
-0.66486925
1.5949689
-0.9914284
1.0989536
-2.2482567
-0.6718525
2.2887607
4.8562965
-1.9717944
-0.058198266
1.2981187
1.2992878
-1.7206111
0.796734
1.2401264
0.59038824
-0.49995592
-0.64186716
-0.7245364
0.8636294
-1.8404413
-1.1529586
2.1126375
1.8999697
-1.4934276
-3.7764242
0.25996435
-2.3570645
-1.510596
1.6513191
-0.03144769
-1.5269443
0.813058
-0.32914135
1.1292888
1.0714645
2.558565
0.9866659
1.41212
0.40460476
3.0711718
-1.9206151
0.37670064
-2.5640185
-0.62210155
-0.934359
-0.91587555
1.050965
-0.19548957
0.029586941
-0.22748853
0.93573004
1.7943376
-0.13627522
-0.34956694
-0.4883498
0.27462697
1.1404887
-1.9812208
-0.90648854
1.0753765
0.09862167
-1.5475526
2.1294112
-0.38217497
-0.37004668
-1.8938363
-0.49105695
-2.4147413
3.747782
-2.0185778
0.48261592
-0.68703896
-1.8823947
1.711254
-0.45762977
-3.8594985
-2.0506327
2.8206785
2.9445705
0.7165907
-0.17523597
-0.8678371
1.6689141
-0.22950253
-1.9780657
-0.58070725
0.26535758
-2.2302258
2.5295606
0.6648979
-0.25089088
0.095832735
2.0202107
2.3342738
0.2044732
0.18536441
-0.42244205
-1.4921633
0.66851413
2.2727246
1.196391
1.4804934
0.46125764
-0.052054714
-1.1352276
0.6015511
2.1921616
0.2707725
0.2669033
0.5691462
2.4083228
-0.55635595
0.24088056
0.8524175
0.72049713
-0.43323168
-2.3264227
0.29546642
-2.9045162
-3.5573914
2.273099
-0.5165957
0.82047987
2.9205644
0.37230673
-0.4590882
2.349317
1.9408443
-3.1987255
-1.2065116
0.75764924
2.1682777
0.97549707
-2.1221213
-1.294353
1.0143399
-0.12112306
-0.24069896
-1.8707682
0.4059177
-2.263078
0.5218369
0.9598147
0.31752217
-0.5599356
-0.6722317
-0.30279502
1.3124908
-1.1520318
1.2557482
0.42864284
-0.9120021
1.308396
-0.46968642
-0.046752132
1.7101709
-1.1702003
0.54577035
-1.9121759
-1.3619771
-1.0956409
-1.1372551
-1.6042641
-2.454043
-2.440328
0.048374493
1.0263357
-0.23440297
1.4123247
-1.1361896
1.2772712
-2.740505
1.1950094
1.9099026
0.62249285
1.6391923
0.70038754
0.9307242
-0.18311924
-1.7889415
-1.6864897
1.7408758
0.64858216
2.0106275
0.7195834
-2.7504537
-0.7700336
2.1057727
-0.67354757
-2.2893841
-0.05892064
1.9516435
-0.4575508
2.642124
0.95114064
-1.9686902
-0.6761991
0.9475897
-0.073548846
1.1474447
0.70198226
0.32395142
-1.1905578
3.3979895
-1.7736157
-2.451283
-1.1354787
1.6418252
2.2639706
-0.4832339
-2.7594554
-0.115086876
0.42114586
2.4013944
2.047228
0.341701
-1.8021188
1.4684461
-1.2289648
0.67433554
-0.058656972
-0.427457
0.44003457
-0.32451373
-1.3116797
0.7408991
2.0937052
1.4389058
-2.4256408
-1.6915425
-0.5713857
0.5002971
3.4513276
-0.94246066
2.1157393
-1.6703018
-2.7252016
-1.5567646
-1.297681
2.7595494
-1.0563339
-2.4543006
1.1287457
1.2868031
3.1320395
-0.4251113
-1.35224
5.013777
0.6796428
-1.3742093
2.1202898
-1.313731
0.96150017
1.5608884
-3.0175638
-0.8897967
-2.4806437
1.767811
-1.510139
-1.5061574
-1.9248732
0.8034787
-0.20401001
0.40574473
0.061101474
2.461643
0.06993561
1.1955698
-0.6223038
-0.8467523
1.9857011
-1.0760205
0.37419492
-0.7867275
0.23881331
1.0667436
1.0761216
-1.9120327
0.42423886
-0.6910788
-1.0022098
-2.368852
-2.9077969
-1.0954704
0.11064096
-0.4506561
1.0115812
0.522597
0.9779642
2.7056668
0.04305486
-0.7579209
0.2015227
1.857187
-1.1269413
0.09482619
0.73374254
-1.8436224
2.2446008
-0.738886
-2.0414286
-0.86206883
-3.5148401
1.1052694
-0.8568846
-2.7469027
-2.0943508
0.49187008
0.32413355
-0.9144139
-1.8233333
0.3350557
-0.6634832
-0.4081105
-0.17661949
-0.8245015
-0.96979713
0.98740304
0.4842825
-0.42798138
-0.10406483
0.56608653
0.6751023
-0.1612423
1.9511926
2.6892543
-0.27996603
1.0502385
0.12199332
0.92264587
-1.2392442
-0.88852096
-0.10970585
0.011482066
-1.938271
-1.6228267
1.9227241
2.145558
0.06758851
2.7925284
0.7669675
-3.9155803
0.7758527
-0.01666813
3.5615726
2.0231867
-1.1283972
0.5699182
0.6991836
-0.036230024
1.2881285
-2.4699256
-0.15956247
1.0179837
-0.19861804
-1.0532615
-0.37172633
1.1059091
0.1732063
-0.62615365
-1.0357313
-0.16362846
1.3778002
2.2299814
1.7843682
2.0642195
-1.7626566
3.2278996
0.9962514
0.7284395
0.72957265
0.5019238
2.113666
1.3650401
-1.9114537
-1.8030185
-0.8559019
-1.1043881
0.30877736
0.911367
-0.3653726
-2.2295423
0.5466015
-1.5496863
0.33632582
0.44761008
-1.1033024
-0.74645215
-2.000379
-0.7069192
-0.17468338
0.20637667
-1.3864316
-1.9682009
1.3440582
-0.654827
1.1081172
1.9960964
-0.08306943
1.5737541
0.6990923
-3.424879
-2.1567762
-1.5518848
1.9400501
1.7904782
1.61594
1.2157208
2.5658674
1.7959849
-1.881771
-0.9654711
-1.5468762
-0.8886882
1.3429053
0.2351057
0.25895193
-2.3630319
0.5142352
-0.41815358
0.21092868
1.2499524
0.29614303
0.29914895
2.0042017
1.3896748
-0.7821072
-0.20832781
2.2129757
1.0018213
-1.8607229
-1.5840344
-0.36233222
2.0010095
0.35596338
-2.2264674
-1.5456423
2.4393055
0.6245747
-0.21726324
-0.39608422
1.0203412
0.69620866
0.21312155
2.2294343
2.5265293
1.6661912
-0.21253462
-1.1699533
0.25275275
-0.35978043
0.444733
1.4732723
2.6613705
-1.1379014
0.5084394
-0.7056574
-0.7293132
1.3767214
0.93294895
-1.3545101
-1.2788024
-1.6408302
1.3163805
0.9471269
-1.5277841
0.91677725
0.19889723
0.11911176
-0.69690615
-2.763301
-2.7192645
0.86955374
-1.347888
1.1382469
-0.34835598
-0.98735815
0.13586216
-0.15509495
0.7241329
0.8521107
-1.5747073
1.9050545
0.8334501
0.10272153
0.17923233
-0.63557243
-0.49217528
-2.5997205
-1.3279853
0.22718687
-0.04541623
3.0500674
